10	945.9275443771568
10.05	995.5854425453754
10.1	1058.183809367678
10.15	895.6748924260205
10.200000000000001	977.582089153958
10.25	930.568541764754
10.299999999999999	1013.5887959367925
10.35	942.6142465698426
10.4	963.1794064408242
10.450000000000001	917.2086815497669
10.5	1008.1877899193673
10.549999999999999	916.2521026606809
10.6	913.618823696343
10.649999999999999	956.697117937428
10.7	929.9738256388296
10.75	960.9909748609093
10.8	972.1810831365327
10.85	985.9528326190309
10.9	1045.5487788080638
10.95	1023.8740954120706
10.999999999999998	963.1794064408242
11.049999999999999	986.5837658496666
11.1	939.5163162047996
11.15	989.0058386182417
11.2	856.7195767195767
11.25	990.2381778813574
11.3	942.6142465698426
11.350000000000001	967.4666914976992
11.4	982.9830951713832
11.45	1003.9402921731289
11.5	988.9405684754521
11.549999999999999	991.9847718670918
11.6	1002.7276684131942
11.649999999999999	988.9405684754521
11.699999999999998	978.2362650579705
11.749999999999998	1010.5449857387842
11.799999999999999	960.9909748609093
11.85	919.9713583014227
11.899999999999999	1011.2336744810573
11.95	966.3596395249368
12	993.7632186306816
12.05	1079.4488245373354
12.100000000000001	910.8834379966534
12.149999999999999	976.4413361312586
12.2	993.1759302938956
12.25	990.8007675449535
12.299999999999999	988.3841011888084
12.35	978.7297349441661
12.4	939.5163162047996
12.450000000000001	936.9528997435974
12.5	922.5934683299025
12.55	921.7716936405644
12.600000000000001	875.9253162353937
12.650000000000002	1050.960711692813
12.7	1015.3891312759343
12.75	965.6717625709873
12.8	973.3124116880176
12.849999999999998	951.7129849355763
12.899999999999999	995.5854425453754
12.95	1064.3928535401403
12.999999999999998	946.225795407275
13.049999999999999	917.2086815497669
13.1	974.6464072045468
13.15	945.176053049407
13.2	956.3381321520856
13.25	1004.5871192410839
13.3	981.8261229113942
13.350000000000001	928.9730349971313
13.399999999999999	1022.0683209933543
13.45	878.6714500124889
13.5	936.1743763536982
13.549999999999999	1024.138223610629
13.599999999999998	924.556502382681
13.649999999999999	991.9847718670918
13.699999999999998	957.0604419195721
13.749999999999998	896.5669988925803
13.799999999999999	956.3381321520856
13.85	952.7697062858465
13.899999999999999	990.8007675449535
13.95	991.4134079570648
14	982.9830951713832
14.05	996.7874791313279
14.099999999999998	920.7985394031906
14.149999999999999	948.0315698259913
14.2	1023.6253959412294
14.25	964.2835395944369
14.299999999999999	866.9506716018344
14.349999999999998	955.6223101968819
14.400000000000002	916.490709979082
14.449999999999998	920.7985394031906
14.5	1003.3652700319367
14.549999999999999	1011.7884605976509
14.600000000000001	991.4134079570648
14.649999999999999	1008.1877899193673
14.700000000000001	952.3773944059737
14.75	1005.2417866371354
14.800000000000002	929.3790453406767
14.849999999999998	957.0604419195721
14.900000000000002	894.7666635534387
14.95	1052.7664861115293
15.000000000000002	1048.2384931997335
15.049999999999999	1015.3891312759343
15.1	948.7767237276903
15.15	1046.4435642730216
15.2	978.2362650579705
15.25	924.556502382681
15.299999999999999	1056.796844076194
15.349999999999998	949.5174022305805
15.399999999999999	916.3706876231392
15.45	1075.1624271004116
15.5	896.5669988925803
15.549999999999999	963.4749838845639
15.599999999999998	892.0525628457899
15.65	955.9780650842572
15.699999999999996	911.9160814516678
15.75	928.7789868767449
15.799999999999997	958.4920468641399
15.85	997.980483251801
15.899999999999997	1018.9898019542178
15.95	909.0938831086444
15.999999999999998	996.7874791313279
16.05	919.9713583014227
16.099999999999998	962.7805297489185
16.150000000000002	972.8514782778349
16.199999999999996	1009.9881252585091
16.25	974.6464072045468
16.299999999999997	998.5716275091014
16.35	978.0730897009968
16.4	936.1743763536982
16.45	943.095425980818
16.5	939.0026977324103
16.55	1000.3611823971105
16.599999999999998	958.4920468641399
16.650000000000002	967.4666914976992
16.699999999999996	924.556502382681
16.750000000000004	926.1833261833262
16.799999999999997	958.4920468641399
16.85	1015.3891312759343
16.9	958.1223450852052
16.95	978.0730897009968
17	1002.1507372851197
17.05	1011.2336744810573
17.099999999999998	1005.7298470611379
17.150000000000002	959.5787357625406
17.2	953.1072600840043
17.249999999999996	902.8492501360718
17.299999999999997	959.9606250769041
17.349999999999998	993.8066037475963
17.4	919.1391791265324
17.45	1008.080307212553
17.5	917.3334047078163
17.55	926.1833261833262
17.6	896.5669988925803
17.65	842.5569387183284
17.7	935.7028599553516
17.75	949.0931463024485
17.799999999999997	1006.9551278853604
17.849999999999998	944.4200209885588
17.9	947.4170674864878
17.949999999999996	974.4505967761783
18	1005.1601989586486
18.049999999999997	972.3960485501617
18.1	966.7800771191077
18.149999999999995	995.5854425453754
18.200000000000003	972.8514782778349
18.249999999999996	925.3723643188479
18.3	946.225795407275
18.349999999999998	950.2536455328545
18.4	978.7297349441661
18.45	928.5872488530296
18.5	917.4596442568451
18.549999999999997	873.3027853484615
18.6	945.47065337763
18.65	974.6464072045468
18.700000000000003	935.1579708168855
18.749999999999996	990.1844365279501
18.8	926.808346077449
18.849999999999998	959.9606250769041
18.900000000000002	1019.5196303723435
18.95	995.5799704014873
19	986.0447432930374
19.05	933.3630418901736
19.099999999999998	901.9680049100054
19.15	1009.3089568371562
19.2	980.5355093628823
19.249999999999996	928.7789868767449
19.299999999999997	964.6951902977914
19.349999999999998	999.159242546955
19.4	974.6464072045468
19.45	1033.3924846673515
19.5	932.5737056754148
19.55	887.5653221968716
19.6	936.9528997435974
19.65	907.3690109274306
19.7	945.9275443771568
19.75	981.8261229113942
19.799999999999997	1010.5449857387842
19.849999999999998	942.6142465698426
19.9	947.2818998400394
19.95	949.5174022305805
20	952.0432004208637
20.05	1005.1601989586486
20.099999999999994	955.9780650842572
20.150000000000002	1030.2892039326148
20.199999999999996	931.7796000575457
20.25	990.1844365279501
20.299999999999997	996.7820726210922
20.35	928.9730349971313
20.4	928.7789868767449
20.45	991.3701558751794
20.5	938.7478286703092
20.55	887.5653221968716
20.599999999999998	1025.6798698307866
20.650000000000002	996.7820726210922
20.7	957.778400423399
20.750000000000004	980.6760786290099
20.799999999999997	984.1470582003146
20.85	987.2109096915298
20.899999999999995	986.5837658496666
20.950000000000003	1009.4279000623411
20.999999999999996	967.4666914976992
21.05	959.2014199729003
21.099999999999998	886.694889795665
21.15	919.9713583014227
21.2	1035.6739907127503
21.25	898.367334231722
21.299999999999997	940.0369139904024
21.349999999999998	1009.3089568371562
21.4	989.0058386182417
21.449999999999996	936.7117898877704
21.5	967.2056109265411
21.549999999999997	906.4987581955191
21.6	940.2802157540095
21.65	927.3581887535375
21.7	943.095425980818
21.75	987.2109096915298
21.8	888.4898187223769
21.849999999999998	906.4987581955191
21.9	989.0058386182417
21.95	935.1579708168855
21.999999999999996	958.8662163382883
22.05	1010.4167765297334
22.099999999999998	1009.9881252585091
22.150000000000002	890.2847476490888
22.2	947.2818998400394
22.249999999999996	979.53290028264
22.3	969.7008628505854
22.349999999999998	1026.699346079191
22.4	1055.8373839253939
22.45	986.0447432930374
22.5	910.9696816057142
22.549999999999997	869.5619688054544
22.6	951.3123311572924
22.65	953.1072600840043
22.700000000000003	985.4159807648178
22.749999999999996	1021.3145592990554
22.8	959.2014199729003
22.849999999999994	972.1810831365327
22.9	944.1326154504449
22.949999999999996	958.4920468641399
23	1056.796844076194
23.049999999999997	944.1326154504449
23.099999999999998	963.1794064408242
23.15	958.1223450852052
23.2	939.0026977324103
23.249999999999996	938.7478286703092
23.3	911.8238947696312
23.349999999999998	1045.9948320413437
23.399999999999995	991.4134079570648
23.45	899.2593922826482
23.499999999999996	920.7985394031906
23.55	976.4413361312586
23.599999999999998	937.9747116928401
23.65	1004.0105768061927
23.7	901.0275312253792
23.75	905.5686755882889
23.799999999999997	1016.4671763891928
23.849999999999998	989.0058386182417
23.9	876.7633101620213
23.949999999999996	972.1810831365327
24	1052.7664861115293
24.049999999999997	1009.3089568371562
24.1	930.7733703362732
24.15	857.431137829809
24.200000000000003	923.5720289797061
24.25	1004.5871192410839
24.299999999999997	1007.0530330995447
24.35	939.7750470319817
24.4	1036.627714142466
24.45	943.6594069152209
24.5	993.202962845074
24.55	940.8084721511265
24.599999999999994	985.4159807648178
24.650000000000002	1006.4804810263212
24.699999999999996	967.043409750803
24.750000000000004	1076.9573560271235
24.799999999999997	949.8373442447074
24.849999999999998	1017.7247014456316
24.899999999999995	957.778400423399
24.95	1019.5196303723435
24.999999999999996	958.1493786144949
25.05	888.4898187223769
25.099999999999998	958.8662163382883
25.15	937.9747116928401
25.2	934.1476515407724
25.25	919.0036104764787
25.299999999999997	891.1332595053525
25.35	980.5355093628823
25.4	909.0938831086444
25.450000000000003	962.4777651757206
25.5	892.987889116562
25.55	923.5720289797061
25.6	942.337686523733
25.650000000000002	913.7218558703839
25.699999999999996	897.4698861019384
25.750000000000004	948.4640906448454
25.799999999999997	970.8281038513596
25.850000000000005	918.04165754869
25.9	901.0814349393706
25.95	1064.3928535401403
25.999999999999996	975.7817538148162
26.049999999999997	977.582089153958
26.099999999999998	936.9528997435974
26.149999999999995	936.1743763536982
26.2	968.5804124582494
26.249999999999996	874.9629748228795
26.3	948.4640906448454
26.349999999999998	977.4124526934311
26.4	980.5355093628823
26.45	957.0496932623179
26.5	977.582089153958
26.549999999999994	973.9814184756746
26.6	919.831212436699
26.649999999999995	996.1855543250891
26.700000000000003	912.7700169448558
26.749999999999996	1019.5196303723435
26.799999999999997	928.7789868767449
26.849999999999994	959.5787357625406
26.9	967.4666914976992
26.949999999999996	959.9065580183247
27	934.6031746031746
27.049999999999997	986.5837658496666
27.099999999999998	928.9730349971313
27.15	921.6207673247083
27.2	976.4413361312586
27.249999999999996	899.2593922826482
27.3	986.5837658496666
27.349999999999998	884.8294651709251
27.400000000000002	1022.5904726325012
27.45	987.8342981810465
27.5	954.9021890107161
27.55	995.590816680716
27.6	987.129322013043
27.649999999999995	913.618823696343
27.700000000000003	1016.6509977372058
27.749999999999996	1009.3089568371562
27.800000000000004	969.2616204244111
27.849999999999998	971.5066372693015
27.9	939.7750470319817
27.949999999999996	931.5681129634618
28	927.9782551100379
28.049999999999997	922.5934683299025
28.1	969.938749300955
28.15	947.7224733038687
28.199999999999996	1019.1977434219606
28.25	927.7907252221727
28.299999999999997	896.5669988925803
28.35	999.1861132236588
28.4	969.938749300955
28.45	922.5934683299025
28.499999999999993	955.2546675008559
28.55	995.5854425453754
28.599999999999994	1006.3874545802256
28.65	937.7267613167905
28.699999999999996	947.7224733038687
28.749999999999993	984.7834305105249
28.800000000000004	989.0058386182417
28.849999999999998	997.385777884517
28.899999999999995	999.1861132236588
28.949999999999996	990.1844365279501
29	989.6238530690556
29.05	999.1861132236588
29.099999999999998	1048.6791643733575
29.149999999999995	1025.1654977236371
29.200000000000003	989.6238530690556
29.25	935.391148894978
29.299999999999997	997.980483251801
29.34999999999999	928.9730349971313
29.400000000000002	997.980483251801
29.450000000000003	996.1855543250891
29.5	963.5831180017226
29.549999999999994	1003.9402921731289
29.600000000000005	940.8084721511265
29.650000000000002	1024.138223610629
29.699999999999996	1014.1348435922079
29.749999999999993	993.7851072062335
29.800000000000004	1009.9881252585091
29.849999999999998	1051.395838058769
29.9	937.7267613167905
29.949999999999996	985.9528326190309
30.000000000000004	1002.1507372851197
30.05	901.9680049100054
30.099999999999998	978.2362650579705
30.149999999999995	920.1132029039005
30.200000000000003	987.8342981810465
30.25	1009.3089568371562
30.3	989.5643814564633
30.349999999999994	1000.9434554800746
30.39999999999999	969.0168573889504
30.450000000000003	969.938749300955
30.5	959.5787357625406
30.549999999999994	984.1470582003146
30.59999999999999	1004.5118813463138
30.650000000000002	936.1743763536982
30.699999999999996	995.5854425453754
30.749999999999996	937.9747116928401
30.799999999999994	999.159242546955
30.85	940.0369139904024
30.9	990.8007675449535
30.949999999999996	976.4413361312586
30.999999999999993	903.7252184446169
31.05	996.1855543250891
31.099999999999998	925.3723643188479
31.15	986.5837658496666
31.199999999999996	962.0819047175636
31.250000000000004	962.0819047175636
31.3	986.5837658496666
31.349999999999998	934.9275769546508
31.39999999999999	1066.1877824668522
31.450000000000003	980.0311939846824
31.5	1011.2336744810573
31.549999999999994	978.2362650579705
31.599999999999994	1017.189466615076
31.650000000000006	1046.4435642730216
31.7	982.4656335170191
31.749999999999996	1041.5209448213209
31.799999999999994	941.5753823711235
31.850000000000005	1030.599237110865
31.9	924.2222993559335
31.949999999999996	1099.71662099815
31.999999999999996	1039.2638485661741
32.050000000000004	992.5956964716654
32.1	1011.0985117251654
32.15	1035.1928200064933
32.199999999999996	940.8084721511265
32.25000000000001	1073.7329328054855
32.300000000000004	975.1181861067338
32.35	1046.8896094853483
32.39999999999999	987.7586070377471
32.44999999999999	993.202962845074
32.5	950.5770590668321
32.55	914.5703522839976
32.599999999999994	999.159242546955
32.64999999999999	978.0730897009968
32.7	953.1072600840043
32.75	1023.8740954120706
32.8	969.2616204244111
32.849999999999994	1033.8790617860386
32.9	974.6464072045468
32.949999999999996	1074.8001974676113
33	989.5643814564633
33.05	1030.7836154932659
33.1	1047.3491628553807
33.15	976.4413361312586
33.199999999999996	935.1579708168855
33.24999999999999	966.7800771191077
33.300000000000004	1071.1995267893278
33.35	1032.9029675056515
33.39999999999999	945.176053049407
33.449999999999996	980.6760786290099
33.50000000000001	1067.9827113935642
33.550000000000004	988.3841011888084
33.599999999999994	1021.3145592990554
33.64999999999999	1013.0394488997734
33.7	981.6955826258151
33.75	875.9253162353937
33.8	941.3058710928088
33.849999999999994	952.3773944059737
33.9	928.9730349971313
33.95	1041.5209448213209
34	1007.0530330995447
34.05	1024.904417152479
34.1	993.1759302938956
34.15	1015.2171589450312
34.199999999999996	1058.183809367678
34.24999999999999	980.0311939846824
34.300000000000004	967.4666914976992
34.35	1025.1654977236371
34.4	1009.3089568371562
34.449999999999996	1025.1654977236371
34.49999999999999	1008.080307212553
34.550000000000004	1082.342142807259
34.599999999999994	982.9830951713832
34.64999999999999	988.3841011888084
34.699999999999996	1008.1877899193673
34.75	970.3807477973911
34.8	982.3412837815985
34.849999999999994	1012.8880666131746
34.89999999999999	1008.7500568120723
34.95	1094.2992977420013
35	1008.7500568120723
35.05	1033.8790617860386
35.09999999999999	972.6393503137689
35.15	973.3124116880176
35.2	1014.6776215011836
35.25	1020.0462861652111
35.29999999999999	952.715639227267
35.35	1027.2045057172477
35.4	1046.4435642730216
35.449999999999996	1054.5722605302456
35.49999999999999	1059.0080667600048
35.550000000000004	972.8514782778349
35.599999999999994	974.6464072045468
35.65	1028.7879906484557
35.699999999999996	965.2591968176835
35.75	1119.5801396040276
35.8	948.0315698259913
35.849999999999994	993.8066037475963
35.89999999999999	1012.339914665496
35.95	1005.8163512249088
36	954.1777297451156
36.05	939.5163162047996
36.099999999999994	942.6142465698426
36.150000000000006	1053.1961733979106
36.2	940.2802157540095
36.25	1020.2625465746381
36.29999999999999	971.056549351123
36.35	1031.5921493282099
36.400000000000006	996.1855543250891
36.449999999999996	978.7297349441661
36.49999999999999	996.1855543250891
36.550000000000004	1014.6776215011836
36.6	979.8843361634059
36.65	1041.5209448213209
36.699999999999996	996.7874791313279
36.74999999999999	1029.791813989068
36.8	1036.993155345635
36.85	1037.4689196394622
36.9	1136.3673538858054
36.949999999999996	967.2056109265411
37	1062.5979246134284
37.05	1039.6554694229112
37.099999999999994	969.2616204244111
37.14999999999999	1059.4164937014123
37.2	930.7733703362732
37.25	1013.0394488997734
37.3	1015.3891312759343
37.349999999999994	990.8007675449535
37.400000000000006	958.1493786144949
37.449999999999996	1047.3329917411834
37.49999999999999	1000.9864485628004
37.54999999999999	1027.485644249503
37.6	991.3701558751794
37.65	984.7834305105249
37.699999999999996	1005.1601989586486
37.74999999999999	1052.7664861115293
37.800000000000004	993.202962845074
37.85	969.0168573889504
37.9	1089.5218585141065
37.949999999999996	994.9817047126118
38	1047.7951673804855
38.05	990.1844365279501
38.1	948.7767237276903
38.14999999999999	1093.418036573586
38.2	1029.291418668219
38.25	984.2551884050282
38.3	1010.6755260243633
38.349999999999994	1065.7985207719025
38.400000000000006	966.7800771191077
38.449999999999996	1013.0394488997734
38.49999999999999	955.6223101968819
38.55	1011.7884605976509
38.60000000000001	1048.6791643733575
38.65	1015.3891312759343
38.699999999999996	1003.4305401747262
38.74999999999999	998.5932535500441
38.8	1008.1877899193673
38.85	978.8865237410009
38.9	1020.7901372933594
38.949999999999996	1029.4908624099878
39	996.7874791313279
39.050000000000004	1036.5145163430839
39.1	1008.1877899193673
39.14999999999999	1014.8452233184896
39.2	1089.5218585141065
39.25	1019.5196303723435
39.3	975.3074139649825
39.349999999999994	1033.3924846673515
39.4	1017.9205118740003
39.45	952.0432004208637
39.5	988.3129633182648
39.55	1095.5067409354115
39.599999999999994	1061.7953582051102
39.65	1047.3329917411834
39.699999999999996	1014.1348435922079
39.74999999999999	997.9968007874985
39.8	1080.5472138805471
39.85	1024.6479987343773
39.9	1030.9636298902847
39.949999999999996	1068.6354128214593
39.99999999999999	976.4413361312586
40.05	962.7805297489185
40.1	987.6815313003628
40.14999999999999	1051.3315403680851
40.19999999999999	1086.747877445552
40.24999999999999	1066.9593340054985
40.300000000000004	966.0893140131531
40.349999999999994	977.582089153958
40.39999999999999	981.8261229113942
40.449999999999996	1004.0105768061927
40.5	1063.7838597971488
40.55	1032.4104835732742
40.599999999999994	1027.2045057172477
40.65	991.9847718670918
40.7	993.7851072062335
40.75	1028.994060605257
40.8	1134.0263349537572
40.849999999999994	987.2109096915298
40.9	1026.1911433107846
40.949999999999996	1020.0462861652111
41	901.9680049100054
41.05	1015.3891312759343
41.1	1041.058777492886
41.15	1000.3990279687603
41.199999999999996	1012.339914665496
41.24999999999999	1050.960711692813
41.300000000000004	1059.8224822730201
41.35	1046.8896094853483
41.4	1026.1911433107846
41.449999999999996	1000.9864485628004
41.50000000000001	958.1493786144949
41.550000000000004	948.4640906448454
41.599999999999994	958.8662163382883
41.65	1037.1003181634412
41.7	1049.154937274097
41.74999999999999	1045.9948320413437
41.79999999999999	1051.395838058769
41.85	1015.9297725189198
41.900000000000006	1022.0683209933543
41.949999999999996	1024.904417152479
41.99999999999999	1054.4698434736615
42.04999999999999	1056.796844076194
42.1	1002.7867839019423
42.15	1085.932000660683
42.199999999999996	1057.2131378332929
42.24999999999999	1050.960711692813
42.3	1041.058777492886
42.349999999999994	1120.0356502682084
42.4	1027.485644249503
42.449999999999996	955.6223101968819
42.5	1079.853102392272
42.55	986.0447432930374
42.599999999999994	1067.2126814612586
42.64999999999999	1044.6486353463097
42.699999999999996	1013.5887959367925
42.75	994.3906253983773
42.8	1037.4689196394622
42.849999999999994	1036.993155345635
42.89999999999999	1051.395838058769
42.95	1082.342142807259
43	1078.7522849538352
43.05	1034.7087419243676
43.099999999999994	1104.1553659016406
43.15	1069.399191450186
43.2	1047.7951673804855
43.25	1026.1911433107846
43.3	952.0432004208637
43.35	944.1326154504449
43.4	1052.334194659776
43.449999999999996	1093.418036573586
43.5	1056.3780349489616
43.550000000000004	1094.6038861981704
43.6	1009.4279000623411
43.64999999999999	1033.0592882762269
43.699999999999996	1012.8880666131746
43.75000000000001	1045.5433884366646
43.8	996.7820726210922
43.849999999999994	1037.844222960502
43.9	994.9925177330831
43.949999999999996	1032.9029675056515
43.99999999999999	936.1743763536982
44.04999999999999	970.3807477973911
44.099999999999994	1039.7313899333117
44.15	1014.6776215011836
44.199999999999996	1032.4104835732742
44.24999999999999	1093.722528002292
44.29999999999999	981.0459562350422
44.35	994.3906253983773
44.4	1155.934228802446
44.449999999999996	1087.7269295873948
44.49999999999999	1206.1279427888244
44.54999999999999	1516.0132890365448
44.6	3149.61660289609
44.65	6650.897009966778
44.699999999999996	3239.8467127149297
44.74999999999999	3793.9320537226813
44.8	2736.9826394054094
44.85	1333.6321925469213
44.9	1123.409251624438
44.949999999999996	1159.4159584072725
45	1112.357041929163
45.05	1080.2012034850366
45.099999999999994	1060.3975147544775
45.15	1018.256731277202
45.2	1087.7269295873948
45.25	1031.2750753431073
45.3	1008.2972327971266
45.349999999999994	1006.3874545802256
45.400000000000006	1051.8283510531571
45.45	1135.6515319306018
45.49999999999999	1042.8537064195978
45.55	1028.4942750059029
45.6	1035.3214153878605
45.64999999999999	1034.7087419243676
45.69999999999999	1082.0015388241782
45.75	1030.2892039326148
45.8	1083.1253845207334
45.849999999999994	1085.6022095024616
45.89999999999999	1100.5762561256224
45.95	1036.1522801572933
46	964.2835395944369
46.05	1021.8358410532203
46.099999999999994	1058.5971794153359
46.15	1035.5485093592113
46.199999999999996	1050.0334221264454
46.25	990.8007675449535
46.3	997.385777884517
46.349999999999994	1041.058777492886
46.4	959.5787357625406
46.449999999999996	1026.1911433107846
46.49999999999999	984.1470582003146
46.55	971.7283041889642
46.599999999999994	987.129322013043
46.65	963.4749838845639
46.699999999999996	1071.1995267893278
46.74999999999999	993.1759302938956
46.79999999999999	1073.7329328054855
46.85	991.3701558751794
46.9	1013.5887959367925
46.949999999999996	1080.2012034850366
46.99999999999999	927.7907252221727
47.050000000000004	996.1855543250891
47.1	1056.3780349489616
47.15	1069.777640320276
47.199999999999996	1067.5988561110444
47.25	1040.5938260239184
47.3	1033.8790617860386
47.34999999999999	1077.3120425815036
47.4	1001.5703411052248
47.45	1009.9881252585091
47.5	971.5066372693015
47.54999999999999	1068.364268141458
47.599999999999994	1058.183809367678
47.650000000000006	1031.5921493282099
47.699999999999996	969.938749300955
47.74999999999999	1018.256731277202
47.8	1029.291418668219
47.849999999999994	1030.2892039326148
47.89999999999999	1013.5887959367925
47.949999999999996	988.3841011888084
48	975.3074139649825
48.05	1050.960711692813
48.099999999999994	1041.5209448213209
48.14999999999999	1068.364268141458
48.2	973.3124116880176
48.25	1013.5887959367925
48.3	1016.6509977372058
48.349999999999994	1036.1522801572933
48.39999999999999	1046.4435642730216
48.44999999999999	972.1810831365327
48.5	1096.7015742209542
48.55	1020.0462861652111
48.599999999999994	1073.7002965461297
48.64999999999999	1044.6486353463097
48.7	976.4413361312586
48.75	1049.5955027196271
48.8	1032.2492450157897
48.849999999999994	1053.7160270672675
48.9	996.1855543250891
48.949999999999996	1011.7884605976509
49	1063.998185432761
49.05	1096.404221537312
49.1	1012.8880666131746
49.15	1025.9224365437485
49.19999999999999	1014.2980189491818
49.24999999999999	1046.8896094853483
49.300000000000004	1080.2012034850366
49.35	963.1794064408242
49.39999999999999	1063.998185432761
49.449999999999996	1037.9418350453025
49.50000000000001	909.0938831086444
49.54999999999999	1004.5871192410839
49.599999999999994	1014.1348435922079
49.65	1058.5971794153359
49.699999999999996	1020.7901372933594
49.74999999999999	1094.6038861981704
49.79999999999999	1073.3674981736997
49.85	1079.4488245373354
49.9	1033.3924846673515
49.949999999999996	978.2362650579705
49.99999999999999	1031.0971930869352
50.05	1116.207910267871
50.1	1062.197850093619
50.15	1020.7901372933594
50.199999999999996	1019.3112904076359
50.25	1024.904417152479
50.3	1096.7015742209542
50.349999999999994	989.5643814564633
50.4	1033.3924846673515
50.45	1008.1877899193673
50.5	1062.197850093619
50.55	977.0969688529917
50.599999999999994	1050.0334221264454
50.64999999999999	1006.3874545802256
50.699999999999996	986.5837658496666
50.75	1045.9948320413437
50.8	1021.3145592990554
50.849999999999994	968.5804124582494
50.89999999999999	1100.0048922155954
50.95	1039.7313899333117
51	1097.3180695666028
51.05	1107.9962314672484
51.099999999999994	1047.3491628553807
51.15	1037.9418350453025
51.2	1035.1928200064933
51.249999999999986	1085.6022095024616
51.3	1035.6739907127503
51.35	1016.6509977372058
51.39999999999999	1125.6300245577504
51.44999999999999	1108.4828349944628
51.5	1048.2384931997335
51.550000000000004	998.5716275091014
51.599999999999994	1069.399191450186
51.64999999999999	1062.9956034774304
51.699999999999996	997.385777884517
51.74999999999999	1050.0334221264454
51.8	1026.9767441860465
51.849999999999994	1098.2045568764538
51.9	1111.3135854536774
51.949999999999996	1021.3145592990554
51.99999999999999	1109.2660767079371
52.04999999999999	1010.5449857387842
52.1	1074.8001974676113
52.15	1070.8242302986912
52.199999999999996	981.8261229113942
52.24999999999999	1099.71662099815
52.300000000000004	995.590816680716
52.35	1009.9881252585091
52.4	1094.9066452942423
52.449999999999996	1001.6192937123169
52.49999999999999	1038.7934906847768
52.550000000000004	1121.8305791949203
52.6	1085.932000660683
52.65	1017.5323876320554
52.699999999999996	1112.357041929163
52.74999999999999	1084.137071733971
52.8	1079.853102392272
52.85	1112.357041929163
52.9	1055.418208906581
52.949999999999996	1060.3975147544775
53	1093.418036573586
53.05	1038.3202907618
53.09999999999999	1059.4164937014123
53.15	1105.6762188545133
53.2	1025.1654977236371
53.24999999999999	966.7800771191077
53.29999999999999	1129.2091343337688
53.349999999999994	1055.418208906581
53.400000000000006	996.1855543250891
53.449999999999996	1038.7934906847768
53.49999999999999	1064.3928535401403
53.55	1032.0841328593267
53.599999999999994	1069.399191450186
53.64999999999999	1078.7522849538352
53.69999999999999	1066.9593340054985
53.75	1055.9566875845944
53.8	1098.7867012376134
53.849999999999994	1081.314138058324
53.89999999999999	1079.1015974695126
53.95	1026.1911433107846
54	1105.4058982330207
54.05	1122.0509147817322
54.099999999999994	1009.4279000623411
54.15	983.6210518381062
54.199999999999996	1036.993155345635
54.25	1128.4065460809645
54.3	1012.7393795601649
54.349999999999994	1118.0082456070127
54.4	1132.6001527551914
54.449999999999996	1056.3780349489616
54.49999999999999	1069.399191450186
54.55	1069.777640320276
54.6	1041.9318395992323
54.65	1084.4702621335402
54.699999999999996	1039.2638485661741
54.74999999999999	1004.0105768061927
54.800000000000004	983.6210518381062
54.85	1043.7376140179483
54.9	1109.2660767079371
54.949999999999996	1054.9965087370524
54.99999999999999	1026.699346079191
55.050000000000004	1070.153823029467
55.1	1000.9864485628004
55.14999999999999	1033.3924846673515
55.199999999999996	1080.2012034850366
55.25	1067.2126814612586
55.29999999999999	1006.9551278853604
55.34999999999999	987.129322013043
55.4	1021.6075002218125
55.449999999999996	993.7851072062335
55.49999999999999	1065.4069070425426
55.54999999999999	1013.5887959367925
55.599999999999994	1024.390807971643
55.65	1052.2582741493757
55.699999999999996	1126.5952996185554
55.74999999999999	1040.196140008705
55.8	1069.399191450186
55.849999999999994	1044.194496702202
55.89999999999999	1072.9998621284694
55.949999999999996	1065.7985207719025
56	1045.9948320413437
56.05	1074.8001974676113
56.099999999999994	981.3171132157595
56.14999999999999	1004.5871192410839
56.2	1065.7985207719025
56.25	966.0893140131531
56.3	1089.5218585141065
56.349999999999994	1090.687748904569
56.39999999999999	1057.626938813403
56.45	1105.9449207896498
56.5	1016.6509977372058
56.55	1036.5145163430839
56.599999999999994	1138.1569087738146
56.65	1084.9366309831425
56.7	1109.2660767079371
56.75	1002.7867839019423
56.8	1060.8029956867167
56.85	1038.3202907618
56.9	1083.0172504035745
56.949999999999996	1009.4279000623411
56.999999999999986	1121.6089162852961
57.05	1013.4329460119117
57.1	1081.658876810988
57.14999999999999	1096.404221537312
57.19999999999999	1004.0105768061927
57.24999999999999	1021.8358410532203
57.3	1016.6509977372058
57.349999999999994	1060.8029956867167
57.39999999999999	1015.9297725189198
57.44999999999999	961.3790711016825
57.49999999999999	1032.0841328593267
57.54999999999999	1062.5979246134284
57.599999999999994	1053.623279979869
57.65	1110.0353319622423
57.699999999999996	1056.254056406781
57.74999999999999	1103.3281698355822
57.79999999999999	1098.7867012376134
57.84999999999999	1100.2914320743778
57.9	1129.0102949017678
57.949999999999996	1089.5218585141065
57.99999999999999	1096.1050721607176
58.05	1190.0378784099714
58.1	964.2835395944369
58.15	1096.7015742209542
58.199999999999996	1095.5067409354115
58.24999999999999	1010.5449857387842
58.3	1014.1348435922079
58.349999999999994	1025.6798698307866
58.4	1146.6667558847705
58.45	1065.7985207719025
58.5	1070.153823029467
58.55	981.8261229113942
58.599999999999994	1113.1031403416866
58.64999999999999	989.0058386182417
58.7	1118.0082456070127
58.75	1083.4646512297043
58.8	988.3841011888084
58.85	1129.406786664683
58.900000000000006	1036.0329764980927
58.95	1002.7276684131942
59	1030.7836154932659
59.04999999999999	1116.207910267871
59.09999999999999	1034.2217300356835
59.15	1045.9948320413437
59.19999999999999	1100.5762561256224
59.249999999999986	1059.1662823796846
59.300000000000004	1056.6682486948268
59.349999999999994	973.0598182425424
59.39999999999999	1108.4828349944628
59.44999999999999	946.9763883885487
59.499999999999986	1059.0080667600048
59.55	1126.8032372788923
59.599999999999994	1045.5433884366646
59.64999999999999	1043.31049970933
59.699999999999996	1010.5449857387842
59.74999999999999	1032.9029675056515
59.8	1020.5697977443899
59.849999999999994	1029.791813989068
59.89999999999999	1054.1454411221853
59.949999999999996	1093.1117163675303
59.99999999999999	988.3841011888084
60.04999999999999	1014.6776215011836
60.1	1069.018455879975
60.15	1003.3652700319367
60.199999999999996	1055.418208906581
60.24999999999999	1103.3281698355822
60.29999999999999	1054.0478290373846
60.35	1066.1877824668522
60.4	1033.3924846673515
60.449999999999996	1071.5725692469878
60.5	1097.6153562200075
60.550000000000004	1073.7329328054855
60.6	1112.855934561361
60.65	942.337686523733
60.69999999999999	1091.003215519887
60.75	1079.853102392272
60.8	953.8327553088728
60.85	1069.018455879975
60.900000000000006	996.7874791313279
60.95	1015.7534848564749
61	1021.5430047988186
61.04999999999999	1175.6784469962765
61.09999999999999	1025.6798698307866
61.150000000000006	1115.1330831997266
61.199999999999996	1090.3703703703704
61.24999999999999	1034.2217300356835
61.29999999999999	1159.6315674299242
61.349999999999994	1054.0478290373846
61.39999999999999	1094.6038861981704
61.449999999999996	1100.2914320743778
61.49999999999999	1010.5449857387842
61.54999999999999	1079.502891595915
61.599999999999994	960.6719907570044
61.64999999999999	1137.8119343375718
61.69999999999999	1041.5209448213209
61.75	1181.063233776412
61.8	1100.5762561256224
61.849999999999994	1105.4058982330207
61.89999999999999	1090.3703703703704
61.94999999999999	1096.404221537312
62	1089.5218585141065
62.05	1094.2992977420013
62.099999999999994	1026.699346079191
62.15	1062.197850093619
62.199999999999996	1069.1205681238903
62.25	1011.930736338738
62.3	1110.551267510447
62.349999999999994	1141.5747973887508
62.4	1053.1961733979106
62.449999999999996	1143.525573437842
62.49999999999999	991.3701558751794
62.550000000000004	1072.311972804857
62.6	1065.0129198966408
62.65	1056.3780349489616
62.699999999999996	1093.1117163675303
62.749999999999986	1054.9965087370524
62.800000000000004	1045.100054597339
62.85	1066.8241663590502
62.89999999999999	1052.2582741493757
62.95	1136.0115989984301
63	1031.0971930869352
63.050000000000004	1037.4689196394622
63.09999999999999	1136.1900106086152
63.14999999999999	1125.420437048344
63.2	1071.883544775324
63.24999999999999	1035.3214153878605
63.29999999999999	1007.5194019491471
63.34999999999999	1120.935842587076
63.4	1033.8790617860386
63.449999999999996	1103.6055628938789
63.49999999999999	1147.1046832138602
63.54999999999999	1028.7879906484557
63.59999999999999	1057.2131378332929
63.65	1059.4164937014123
63.699999999999996	984.1470582003146
63.74999999999999	1154.0149523898472
63.8	1072.6300047174072
63.849999999999994	1082.680707245531
63.89999999999999	1067.2126814612586
63.949999999999996	1177.4193117986897
63.99999999999999	1152.084079140919
64.05	1111.3135854536774
64.1	1132.6001527551914
64.14999999999999	1025.1654977236371
64.2	1053.1961733979106
64.25	1011.0985117251654
64.3	1100.0048922155954
64.35	1061.7953582051102
64.39999999999999	1110.8069042504458
64.45	1100.2914320743778
64.5	1101.522395416866
64.55	1116.207910267871
64.60000000000001	1159.4159584072725
64.65	1076.9573560271235
64.7	1072.6300047174072
64.74999999999999	1061.7953582051102
64.79999999999998	1174.0121099926723
64.85000000000001	1118.0082456070127
64.9	1173.753372165513
64.94999999999999	1470.8739720787912
65	1814.7380218548612
65.05	1386.8347535740213
65.1	1197.2230005292486
65.14999999999999	1344.4017661071925
65.19999999999999	1367.7358421544468
65.25	1184.5551864156514
65.3	1109.0065689113042
65.35	1072.9998621284694
65.4	1080.2012034850366
65.45	993.7851072062335
65.5	1100.2914320743778
65.55	1080.5472138805471
65.6	1206.2901439645625
65.64999999999999	1111.3135854536774
65.7	1081.314138058324
65.75	1121.8305791949203
65.8	1070.8242302986912
65.85	1027.2045057172477
65.89999999999999	1078.7522849538352
65.94999999999999	1121.1615602313275
66	1059.4164937014123
66.05	1146.5190107050573
66.1	1064.7851583654397
66.14999999999999	1042.8537064195978
66.19999999999999	1121.8305791949203
66.25	1148.7545130955984
66.3	1059.989583786394
66.35	1054.9965087370524
66.39999999999999	1083.1253845207334
66.44999999999999	1004.5118813463138
66.5	1090.3703703703704
66.55	1066.5747132534489
66.6	1093.418036573586
66.65	1075.1624271004116
66.7	989.5643814564633
66.75	1056.796844076194
66.79999999999998	1094.9066452942423
66.84999999999998	1070.8242302986912
66.9	1048.6791643733575
66.94999999999999	1006.3874545802256
66.99999999999999	1172.1584516459882
67.05000000000001	1069.018455879975
67.10000000000001	1148.613946372422
67.14999999999999	1020.7901372933594
67.19999999999999	981.6955826258151
67.24999999999999	1015.2171589450312
67.3	1166.8752582601942
67.35	1038.3202907618
67.4	1054.0478290373846
67.45	1014.8452233184896
67.5	1021.3145592990554
67.55	1099.1348213374083
67.6	1086.5856762698138
67.64999999999999	1136.1900106086152
67.7	1018.9898019542178
67.75	1091.6284816855768
67.8	1103.6055628938789
67.85	1119.8085809461545
67.9	1050.960711692813
67.95	1073.3674981736997
68	1055.418208906581
68.05	1082.342142807259
68.1	1041.058777492886
68.15	1075.5224876934944
68.2	1130.6105929810049
68.25	1036.993155345635
68.3	1013.5887959367925
68.35	1103.6055628938789
68.39999999999999	1172.0183057812646
68.45	1112.6072395895876
68.5	1141.8962771965203
68.55	1079.1015974695126
68.6	1056.796844076194
68.65	1081.658876810988
68.7	1087.0762000671366
68.75	1112.855934561361
68.8	1099.71662099815
68.85	1116.207910267871
68.9	1030.9636298902847
68.95	1059.579180509413
68.99999999999999	1092.8035508590285
69.05000000000001	1144.8609814660542
69.10000000000001	1089.202880180745
69.14999999999999	1069.777640320276
69.19999999999999	1051.8283510531571
69.24999999999999	1045.5487788080638
69.3	1128.6090116976086
69.35	1175.7963229257919
69.39999999999999	1099.4266026824166
69.45	1065.4069070425426
69.5	1087.4025448416035
69.55	1039.7313899333117
69.6	1129.2091343337688
69.64999999999999	1100.0048922155954
69.7	1042.8537064195978
69.75	983.5068290882244
69.8	1154.139299875734
69.85	1118.0082456070127
69.9	1156.8013175455035
69.95	1122.576596530085
70	1070.8994708994708
