10	976.92396052545
10.05	1027.706649476868
10.1	1049.5955027196271
10.15	1041.5209448213209
10.200000000000001	1072.2579057462779
10.25	1029.791813989068
10.299999999999999	1013.4329460119117
10.35	1048.7117017349574
10.4	1012.339914665496
10.450000000000001	1004.5118813463138
10.5	1055.9566875845944
10.549999999999999	1085.932000660683
10.6	1012.339914665496
10.649999999999999	1054.0478290373846
10.7	1068.6354128214593
10.75	1089.8389267975676
10.8	1132.9752125309224
10.85	988.9405684754521
10.9	1116.207910267871
10.95	1059.0080667600048
10.999999999999998	1127.0099223027214
11.049999999999999	1049.5955027196271
11.1	1059.0080667600048
11.15	1070.153823029467
11.2	1096.404221537312
11.25	1058.183809367678
11.3	1111.3135854536774
11.350000000000001	1074.8001974676113
11.4	1004.5871192410839
11.45	1060.8029956867167
11.5	1094.2992977420013
11.549999999999999	1103.6055628938789
11.6	1125.420437048344
11.649999999999999	1024.904417152479
11.699999999999998	1080.2012034850366
11.749999999999998	1053.1961733979106
11.799999999999999	1150.4142817115637
11.85	1113.1031403416866
11.899999999999999	1096.404221537312
11.95	1091.003215519887
12	1038.3202907618
12.05	1063.3909081392594
12.100000000000001	1080.5472138805471
12.149999999999999	1105.1339442542983
12.2	1045.9948320413437
12.25	1128.8102576418632
12.299999999999999	1161.3190155825814
12.35	1076.2415535548396
12.4	1028.994060605257
12.450000000000001	1021.8358410532203
12.5	1143.2129403549968
12.55	1118.0082456070127
12.600000000000001	1036.993155345635
12.650000000000002	1182.858162703124
12.7	1152.084079140919
12.75	1112.855934561361
12.8	1041.058777492886
12.849999999999998	1032.0841328593267
12.899999999999999	1148.613946372422
12.95	1161.3190155825814
12.999999999999998	1109.5240305656682
13.049999999999999	1128.6090116976086
13.1	1120.0356502682084
13.15	1116.4457924147846
13.2	1103.8812899278014
13.25	1125.2095869635798
13.3	1121.8305791949203
13.350000000000001	1164.8169644246977
13.399999999999999	1129.0102949017678
13.45	1080.2012034850366
13.5	1071.5725692469878
13.549999999999999	1168.4987312894289
13.599999999999998	1089.5218585141065
13.649999999999999	1056.796844076194
13.699999999999998	1129.0102949017678
13.749999999999998	1152.2146170507056
13.799999999999999	1041.5209448213209
13.85	1150.4142817115637
13.899999999999999	1123.409251624438
13.95	1038.7934906847768
14	1120.261359893723
14.05	1067.2126814612586
14.099999999999998	1132.6001527551914
14.149999999999999	1060.8029956867167
14.2	1109.0065689113042
14.25	1109.0065689113042
14.299999999999999	1052.7664861115293
14.349999999999998	1170.4436841264333
14.400000000000002	1109.0065689113042
14.449999999999998	1134.5777989977962
14.5	1121.8305791949203
14.549999999999999	1113.9165743816907
14.600000000000001	1182.8957809740432
14.649999999999999	1105.4058982330207
14.700000000000001	1104.1553659016406
14.75	1136.1900106086152
14.800000000000002	1085.6022095024616
14.849999999999998	1105.1339442542983
14.900000000000002	1058.183809367678
14.95	1100.5762561256224
15.000000000000002	1114.4075749287292
15.049999999999999	1089.8389267975676
15.1	1103.8812899278014
15.15	1112.357041929163
15.2	1106.9397186730146
15.25	1154.0149523898472
15.299999999999999	1131.1909995978028
15.349999999999998	1141.4126050158552
15.399999999999999	1092.4935233232852
15.45	1063.3909081392594
15.5	1083.80187416332
15.549999999999999	1164.724500071932
15.599999999999998	1109.2660767079371
15.65	1148.613946372422
15.699999999999996	1109.2660767079371
15.75	1110.8069042504458
15.799999999999997	1145.4647030627593
15.85	1132.4109283201467
15.899999999999997	1099.4266026824166
15.95	1067.5988561110444
15.999999999999998	1024.904417152479
16.05	1161.4211223179334
16.099999999999998	1191.8328073366833
16.150000000000002	1080.5472138805471
16.199999999999996	1191.8219945118237
16.25	1157.2708780031887
16.299999999999997	1028.994060605257
16.35	1096.7015742209542
16.4	1107.734475677659
16.45	1132.6001527551914
16.5	1226.0283659555164
16.55	1133.8402854681924
16.599999999999998	1058.183809367678
16.650000000000002	1145.1646552421746
16.699999999999996	1116.4457924147846
16.750000000000004	1015.7534848564749
16.799999999999997	1145.1646552421746
16.85	1144.707764242648
16.9	1128.4065460809645
16.95	1047.7951673804855
17	1027.9914786499264
17.05	1118.2407213414965
17.099999999999998	1113.5931375134032
17.150000000000002	1052.7664861115293
17.2	1076.600532806753
17.249999999999996	1112.357041929163
17.299999999999997	1177.3649210029453
17.349999999999998	1059.0080667600048
17.4	1123.8404696697412
17.45	1102.0863610010897
17.5	1074.4357791361235
17.55	1125.420437048344
17.6	1097.9108465794336
17.65	1141.4126050158552
17.7	1118.471805005714
17.75	1096.404221537312
17.799999999999997	1071.1995267893278
17.849999999999998	1155.934228802446
17.9	1159.4159584072725
17.949999999999996	1173.8186411204063
18	1112.855934561361
18.049999999999997	1002.7867839019423
18.1	1191.8219945118237
18.149999999999995	1079.853102392272
18.200000000000003	1109.780444400368
18.249999999999996	1105.6762188545133
18.3	1172.0183057812646
18.349999999999998	1054.5722605302456
18.4	1182.820317816115
18.45	1129.0102949017678
18.5	1103.3281698355822
18.549999999999997	1093.418036573586
18.6	1059.579180509413
18.65	1072.6783736750513
18.700000000000003	1083.4646512297043
18.749999999999996	1148.613946372422
18.8	1150.6837929898784
18.849999999999998	1127.0099223027214
18.900000000000002	1129.2091343337688
18.95	1204.4788975021534
19	1146.9595841688865
19.05	1119.5801396040276
19.099999999999998	1113.1031403416866
19.15	1084.137071733971
19.2	1078.7522849538352
19.249999999999996	1121.8305791949203
19.299999999999997	1062.7997859212958
19.349999999999998	1193.6331103020977
19.4	1151.952750092285
19.45	1118.2407213414965
19.5	1079.1015974695126
19.55	1070.153823029467
19.6	1114.4075749287292
19.65	1171.9475977467969
19.7	1111.061005634649
19.75	1152.084079140919
19.799999999999997	1168.6594711933137
19.849999999999998	1081.658876810988
19.9	1119.8085809461545
19.95	1127.6225737315635
20	1108.4828349944628
20.05	1089.5218585141065
20.099999999999994	1107.2062335721623
20.150000000000002	1087.7269295873948
20.199999999999996	1125.420437048344
20.25	1092.8035508590285
20.299999999999997	1123.8404696697412
20.35	1112.6072395895876
20.4	1190.021659172682
20.45	1143.3697263154627
20.5	1215.1668833839376
20.55	1081.658876810988
20.599999999999998	1150.4142817115637
20.650000000000002	1134.5777989977962
20.7	1098.496503147666
20.750000000000004	1143.2129403549968
20.799999999999997	1093.722528002292
20.85	1141.0852713178294
20.899999999999995	1051.8283510531571
20.950000000000003	1141.4126050158552
20.999999999999996	1032.0841328593267
21.05	1129.0102949017678
21.099999999999998	1177.4193117986897
21.15	1163.306832393955
21.2	1162.8202288667405
21.25	1052.2582741493757
21.299999999999997	1081.658876810988
21.349999999999998	1048.2384931997335
21.4	1181.063233776412
21.449999999999996	1096.9971463496042
21.5	1155.934228802446
21.549999999999997	1157.3864894795129
21.6	1202.5808847421436
21.65	1111.8520837330477
21.7	1175.7963229257919
21.75	1096.9971463496042
21.8	1148.613946372422
21.849999999999998	1244.1785744954439
21.9	1075.1624271004116
21.95	1087.4025448416035
21.999999999999996	1186.3664328780606
22.05	1097.5830125331786
22.099999999999998	1098.2045568764538
22.150000000000002	1127.2153659750559
22.2	1144.8609814660542
22.249999999999996	1094.9066452942423
22.3	1188.1995675152423
22.349999999999998	1080.2012034850366
22.4	1083.0172504035745
22.45	1071.5725692469878
22.5	1101.8052275547373
22.549999999999997	1085.6022095024616
22.6	1132.029039005783
22.65	1136.3673538858054
22.700000000000003	1117.5390673065092
22.749999999999996	1134.759425464042
22.8	1010.5449857387842
22.849999999999994	1191.8328073366833
22.9	1112.6072395895876
22.949999999999996	1166.5302744906483
23	1145.1646552421746
23.049999999999997	1177.3102005660146
23.099999999999998	1145.4647030627593
23.15	1137.8119343375718
23.2	1123.409251624438
23.249999999999996	1088.0493719095584
23.3	1095.804109757598
23.349999999999998	1116.4457924147846
23.399999999999995	1114.1628163478792
23.45	1104.4278056010094
23.499999999999996	1159.3071768157836
23.55	1093.418036573586
23.599999999999998	1124.784053156146
23.65	1141.4126050158552
23.7	1113.1031403416866
23.75	1106.9397186730146
23.799999999999997	1098.7867012376134
23.849999999999998	1024.390807971643
23.9	1113.1031403416866
23.949999999999996	1222.7570249124417
24	1141.7360185498328
24.049999999999997	1139.779868462039
24.1	1076.600532806753
24.15	1179.364748792031
24.200000000000003	1110.551267510447
24.25	1078.0473279735556
24.299999999999997	1074.4357791361235
24.35	1072.311972804857
24.4	1150.2783047222026
24.45	1052.2582741493757
24.5	1177.5271163100156
24.55	1047.7951673804855
24.599999999999994	1164.724500071932
24.650000000000002	1162.918725653216
24.699999999999996	1155.934228802446
24.750000000000004	1199.0125230435308
24.799999999999997	1094.6038861981704
24.849999999999998	1118.471805005714
24.899999999999995	1109.2660767079371
24.95	1159.4159584072725
24.999999999999996	1154.0149523898472
25.05	1109.0065689113042
25.099999999999998	1006.3874545802256
25.15	1072.9998621284694
25.2	1114.8926952296956
25.25	1069.399191450186
25.299999999999997	1155.815287728989
25.35	1157.7291577291576
25.4	1097.6153562200075
25.450000000000003	1084.4702621335402
25.5	1152.4733478778876
25.55	1190.0378784099714
25.6	1121.385914022744
25.650000000000002	1118.471805005714
25.699999999999996	1150.1415036298758
25.750000000000004	1152.2146170507056
25.799999999999997	1173.9480065339972
25.850000000000005	1113.1031403416866
25.9	1109.0065689113042
25.95	1119.3503137689183
25.999999999999996	1138.327851330281
26.049999999999997	1184.58801867781
26.099999999999998	1065.7985207719025
26.149999999999995	1132.6001527551914
26.2	1149.0331289289984
26.249999999999996	1103.0490956072351
26.3	1157.7291577291576
26.349999999999998	1071.9433779174763
26.4	1159.3071768157836
26.45	1075.1624271004116
26.5	1033.3924846673515
26.549999999999994	1033.3924846673515
26.6	1082.680707245531
26.649999999999995	1082.342142807259
26.700000000000003	1109.2660767079371
26.749999999999996	1118.2407213414965
26.799999999999997	1128.8102576418632
26.849999999999994	1092.8035508590285
26.9	1029.791813989068
26.949999999999996	1084.801463336694
27	1130.8052238284795
27.049999999999997	1145.1646552421746
27.099999999999998	1130.8052238284795
27.15	1132.4109283201467
27.2	1078.0473279735556
27.249999999999996	1084.137071733971
27.3	1104.1553659016406
27.349999999999998	1116.4457924147846
27.400000000000002	1111.061005634649
27.45	1101.8052275547373
27.5	1148.7545130955984
27.55	1090.687748904569
27.6	1129.0102949017678
27.649999999999995	1132.6001527551914
27.700000000000003	1075.5224876934944
27.749999999999996	1103.6055628938789
27.800000000000004	1085.932000660683
27.849999999999998	1102.0863610010897
27.9	1059.989583786394
27.949999999999996	1126.8032372788923
28	1114.4075749287292
28.049999999999997	1097.290953868531
28.1	1035.6739907127503
28.15	1136.0115989984301
28.199999999999996	1107.2062335721623
28.25	1143.055207047338
28.299999999999997	1071.5725692469878
28.35	1061.7953582051102
28.4	1168.6594711933137
28.45	1157.7291577291576
28.499999999999993	1061.3904269718223
28.55	1134.5777989977962
28.599999999999994	1110.551267510447
28.65	1071.5725692469878
28.699999999999996	1064.3928535401403
28.749999999999993	1152.344370949022
28.800000000000004	1059.579180509413
28.849999999999998	1089.5218585141065
28.899999999999995	1118.2407213414965
28.949999999999996	1218.8270245989495
29	1153.889853559635
29.05	1091.3167874408184
29.099999999999998	1058.0382693399006
29.149999999999995	1157.5014023970673
29.200000000000003	1132.6001527551914
29.25	1123.19168844146
29.299999999999997	1144.707764242648
29.34999999999999	1136.3673538858054
29.400000000000002	1229.5263147976327
29.450000000000003	1129.2091343337688
29.5	1139.4436582099056
29.549999999999994	1075.5224876934944
29.600000000000005	1121.385914022744
29.650000000000002	1146.6667558847705
29.699999999999996	1039.2638485661741
29.749999999999993	1122.0509147817322
29.800000000000004	1096.404221537312
29.849999999999998	1096.1050721607176
29.9	1011.0985117251654
29.949999999999996	1161.2162937464143
30.000000000000004	1108.4828349944628
30.05	1163.4024152296577
30.099999999999998	1087.7269295873948
30.149999999999995	1028.7879906484557
30.200000000000003	1098.7867012376134
30.25	1096.404221537312
30.3	1199.0233358683906
30.349999999999994	1059.0080667600048
30.39999999999999	1137.9849395353272
30.450000000000003	1127.4195794457596
30.5	1121.385914022744
30.549999999999994	1155.815287728989
30.59999999999999	1094.9066452942423
30.650000000000002	1103.3281698355822
30.699999999999996	1116.4457924147846
30.749999999999996	1079.1015974695126
30.799999999999994	1109.2660767079371
30.85	1085.2704256484203
30.9	1154.139299875734
30.949999999999996	999.775412178513
30.999999999999993	1109.0065689113042
31.05	1111.061005634649
31.099999999999998	1096.7015742209542
31.15	1134.5777989977962
31.199999999999996	1190.021659172682
31.250000000000004	1127.0099223027214
31.3	1143.3697263154627
31.349999999999998	1033.8790617860386
31.39999999999999	1029.791813989068
31.450000000000003	1139.4436582099056
31.5	1166.9602207808189
31.549999999999994	1053.1961733979106
31.599999999999994	1067.5988561110444
31.650000000000006	1177.4733759229885
31.7	1118.2407213414965
31.749999999999996	1236.7060305044802
31.799999999999994	1112.6072395895876
31.850000000000005	1111.5646573334877
31.9	1150.4142817115637
31.949999999999996	1152.2146170507056
31.999999999999996	1116.4457924147846
32.050000000000004	1148.7545130955984
32.1	1175.618976459548
32.15	1107.4711477812252
32.199999999999996	1217.0919582147012
32.25000000000001	1229.4242080622807
32.300000000000004	1116.4457924147846
32.35	1211.5770255305138
32.39999999999999	1056.3780349489616
32.44999999999999	1129.2091343337688
32.5	1096.1050721607176
32.55	1207.9871676770902
32.599999999999994	1152.344370949022
32.64999999999999	1127.4195794457596
32.7	1121.385914022744
32.75	1134.0263349537572
32.8	1069.777640320276
32.849999999999994	1090.687748904569
32.9	1150.6837929898784
32.949999999999996	1164.8169644246977
33	1082.0015388241782
33.05	1150.5494420223104
33.1	1100.0048922155954
33.15	1146.8136110332803
33.199999999999996	1087.7269295873948
33.24999999999999	1092.8035508590285
33.300000000000004	1159.7384065277158
33.35	1182.7439399532423
33.39999999999999	1155.934228802446
33.449999999999996	1170.1418233280806
33.50000000000001	1154.139299875734
33.550000000000004	1163.016629085556
33.599999999999994	1170.368896757979
33.64999999999999	1101.8052275547373
33.7	1083.80187416332
33.75	1150.6837929898784
33.8	1195.422665190107
33.849999999999994	1134.3950816819033
33.9	1116.4457924147846
33.95	1132.6001527551914
34	1116.207910267871
34.05	1073.3674981736997
34.1	1114.6508634880727
34.15	1125.2095869635798
34.199999999999996	1132.029039005783
34.24999999999999	1193.6331103020977
34.300000000000004	1048.6791643733575
34.35	1199.0342140275393
34.4	1100.8593797347703
34.449999999999996	1050.5229481973668
34.49999999999999	1190.0378784099714
34.550000000000004	1161.1129512344996
34.599999999999994	1123.8404696697412
34.64999999999999	1085.932000660683
34.699999999999996	1121.385914022744
34.75	1191.864859638946
34.8	1150.0038709199662
34.849999999999994	1060.8029956867167
34.89999999999999	1120.0356502682084
34.95	1064.7851583654397
35	1162.918725653216
35.05	1102.0863610010897
35.09999999999999	1077.3120425815036
35.15	1229.836347975883
35.2	1197.2068781232265
35.25	1153.7639965546944
35.29999999999999	1188.2429494832595
35.35	1093.418036573586
35.4	1145.0132756941387
35.449999999999996	1173.8835180695646
35.49999999999999	1179.2683048497001
35.550000000000004	1096.7015742209542
35.599999999999994	1206.2573117024042
35.65	1172.0885891428527
35.699999999999996	1130.9986892217778
35.75	1102.3658110136316
35.8	1202.667651039744
35.849999999999994	1118.9298458401447
35.89999999999999	1077.6916451335057
35.95	1080.5472138805471
36	1200.8399884462553
36.05	1147.2489159958789
36.099999999999994	1120.0356502682084
36.150000000000006	1128.6090116976086
36.2	1136.71887359595
36.25	1150.0038709199662
36.29999999999999	1073.7329328054855
36.35	1088.8819744858527
36.400000000000006	1175.7375614220064
36.449999999999996	1172.0183057812646
36.49999999999999	1023.6253959412294
36.550000000000004	1120.0356502682084
36.6	1166.5302744906483
36.65	1113.348870266607
36.699999999999996	1135.469856753521
36.74999999999999	1240.295888357904
36.8	1112.357041929163
36.85	1140.1120642634005
36.9	1141.4126050158552
36.949999999999996	1119.8085809461545
37	1122.487651391306
37.05	1100.6635514860131
37.099999999999994	1216.8973238462168
37.14999999999999	1209.8688605398365
37.2	1182.8957809740432
37.25	1127.0099223027214
37.3	1080.5472138805471
37.349999999999994	1072.311972804857
37.400000000000006	1182.6666306530174
37.449999999999996	1090.1541021360529
37.49999999999999	1148.3302571674665
37.54999999999999	1168.4987312894289
37.6	1147.1046832138602
37.65	1092.4935233232852
37.699999999999996	1075.5224876934944
37.74999999999999	1144.707764242648
37.800000000000004	1111.061005634649
37.85	1182.858162703124
37.9	1211.6256832423826
37.949999999999996	1072.311972804857
38	1213.4804093772689
38.05	1078.4008681458947
38.1	1079.853102392272
38.14999999999999	1075.5224876934944
38.2	1159.3071768157836
38.25	1107.9962314672484
38.3	1103.6055628938789
38.349999999999994	1094.9066452942423
38.400000000000006	1143.055207047338
38.449999999999996	1207.9871676770902
38.49999999999999	1062.197850093619
38.55	1119.8085809461545
38.60000000000001	1086.5856762698138
38.65	1054.1454411221853
38.699999999999996	1234.911101577768
38.74999999999999	1094.2992977420013
38.8	1113.348870266607
38.85	1135.8321093724733
38.9	1182.820317816115
38.949999999999996	1124.2665541668864
39	1133.8402854681924
39.050000000000004	1125.2095869635798
39.1	1121.1615602313275
39.14999999999999	1120.0356502682084
39.2	1127.4195794457596
39.25	1270.8096801120057
39.3	1080.8911523575218
39.349999999999994	1070.8242302986912
39.4	1071.5725692469878
39.45	1224.3150558895659
39.5	1089.202880180745
39.55	1107.9962314672484
39.599999999999994	1017.9205118740003
39.65	1168.7391235563994
39.699999999999996	1063.2016734342317
39.74999999999999	1159.6315674299242
39.8	1134.0263349537572
39.85	1094.9066452942423
39.9	1062.5979246134284
39.949999999999996	1118.0082456070127
39.99999999999999	1197.217594116819
40.05	1109.2660767079371
40.1	1168.57934186997
40.14999999999999	1052.334194659776
40.19999999999999	1109.5240305656682
40.24999999999999	1145.1646552421746
40.300000000000004	1110.8069042504458
40.349999999999994	1077.3120425815036
40.39999999999999	1157.6156230681306
40.449999999999996	1188.22132383354
40.5	1207.9871676770902
40.55	1116.4457924147846
40.599999999999994	1168.3360489093645
40.65	1129.0102949017678
40.7	1015.9297725189198
40.75	1157.842012541915
40.8	1092.4935233232852
40.849999999999994	1041.058777492886
40.9	1139.9464636618236
40.949999999999996	1054.1454411221853
41	1146.8136110332803
41.05	1091.3167874408184
41.1	1024.138223610629
41.15	1137.8119343375718
41.199999999999996	1118.0082456070127
41.24999999999999	1084.4702621335402
41.300000000000004	1024.6479987343773
41.35	1122.0509147817322
41.4	1226.120830308282
41.449999999999996	1173.8835180695646
41.50000000000001	1234.6753497187374
41.550000000000004	1123.6255081216323
41.599999999999994	1188.22132383354
41.65	1157.3864894795129
41.7	1209.782096603802
41.74999999999999	1127.0099223027214
41.79999999999999	1110.8069042504458
41.85	1113.5931375134032
41.900000000000006	1137.8119343375718
41.949999999999996	1146.8136110332803
41.99999999999999	1058.183809367678
42.04999999999999	1213.371954457226
42.1	1132.220560535041
42.15	1120.261359893723
42.199999999999996	1184.6206531552566
42.24999999999999	1132.788244109787
42.3	1148.4725303034866
42.349999999999994	1090.687748904569
42.4	1202.5808847421436
42.449999999999996	1094.6038861981704
42.5	1132.4109283201467
42.55	1139.779868462039
42.599999999999994	1096.7015742209542
42.64999999999999	1118.0082456070127
42.699999999999996	1146.8136110332803
42.75	1208.1013904269719
42.8	1165.0910453270744
42.849999999999994	1127.0099223027214
42.89999999999999	1191.8219945118237
42.95	1173.9480065339972
43	1058.5971794153359
43.05	1220.7035070521335
43.099999999999994	1119.8085809461545
43.15	1250.8988667183903
43.2	1166.6172997638394
43.25	1110.8069042504458
43.3	1195.422665190107
43.35	1170.2179704421228
43.4	1103.0490956072351
43.449999999999996	1181.106226086034
43.5	1072.6300047174072
43.550000000000004	1229.5263147976327
43.6	1145.315128325851
43.64999999999999	1163.016629085556
43.699999999999996	1143.2129403549968
43.75000000000001	1072.6300047174072
43.8	1188.2644456380706
43.849999999999994	1256.6340667209256
43.9	1154.0149523898472
43.949999999999996	1199.0017749661254
43.99999999999999	1110.8069042504458
44.04999999999999	1186.4209884943984
44.099999999999994	1051.395838058769
44.15	1114.4075749287292
44.199999999999996	1202.5808847421436
44.24999999999999	1137.8119343375718
44.29999999999999	1188.2429494832595
44.35	1195.422665190107
44.4	1365.940913227735
44.449999999999996	1347.1077163622656
44.49999999999999	1506.880678861626
44.54999999999999	1841.5970788063812
44.6	3038.664199839524
44.65	6693.2899677085725
44.699999999999996	5547.339014296085
44.74999999999999	3919.125204740021
44.8	3980.541434842359
44.85	2065.963194645365
44.9	1461.8722953830827
44.949999999999996	1372.0597455689438
45	1263.8354080774927
45.05	1188.22132383354
45.099999999999994	1215.1668833839376
45.15	1111.061005634649
45.2	1145.0132756941387
45.25	1150.2783047222026
45.3	1125.838360798444
45.349999999999994	1150.4142817115637
45.400000000000006	1112.855934561361
45.45	1134.5777989977962
45.49999999999999	1139.6122696767136
45.55	1161.2162937464143
45.6	1076.2415535548396
45.64999999999999	1143.3697263154627
45.69999999999999	1137.462778393011
45.75	1127.6225737315635
45.8	1163.016629085556
45.849999999999994	1089.5218585141065
45.89999999999999	1114.8926952296956
45.95	1218.9688692014274
46	1114.6508634880727
46.05	1049.154937274097
46.099999999999994	1199.0125230435308
46.15	1165.0002320939516
46.199999999999996	1199.0233358683906
46.25	1107.2062335721623
46.3	1079.853102392272
46.349999999999994	1170.2936602161408
46.4	1106.9397186730146
46.449999999999996	1093.418036573586
46.49999999999999	1152.344370949022
46.55	1190.021659172682
46.599999999999994	1163.1139445092933
46.65	1180.9764698403776
46.699999999999996	1191.8219945118237
46.74999999999999	1132.4109283201467
46.79999999999999	1125.6300245577504
46.85	1123.409251624438
46.9	1107.4711477812252
46.949999999999996	1151.952750092285
46.99999999999999	1182.8957809740432
47.050000000000004	1213.4804093772689
47.1	1111.061005634649
47.15	1177.4733759229885
47.199999999999996	1225.9364569442089
47.25	1143.2129403549968
47.3	1076.2415535548396
47.34999999999999	1057.2131378332929
47.4	1116.207910267871
47.45	1159.3071768157836
47.5	1200.8074519702425
47.54999999999999	1033.0592882762269
47.599999999999994	1139.6122696767136
47.650000000000006	1193.6223298509653
47.699999999999996	1141.7360185498328
47.74999999999999	1119.1190908162703
47.8	1141.4126050158552
47.849999999999994	1182.8957809740432
47.89999999999999	1220.4764336222352
47.949999999999996	1053.623279979869
48	1168.3360489093645
48.05	1102.0863610010897
48.099999999999994	1188.17767934047
48.14999999999999	1113.1031403416866
48.2	1206.1922387503782
48.25	1104.1553659016406
48.3	1141.5747973887508
48.349999999999994	1182.820317816115
48.39999999999999	1042.3941613630602
48.44999999999999	1171.9475977467969
48.5	1141.7360185498328
48.55	1213.4804093772689
48.599999999999994	1198.9699134547661
48.64999999999999	1045.5433884366646
48.7	1153.889853559635
48.75	1174.0121099926723
48.8	1083.1253845207334
48.849999999999994	1157.842012541915
48.9	1128.4065460809645
48.949999999999996	1092.2463042064371
49	1078.7522849538352
49.05	1137.6378837911896
49.1	1177.5271163100156
49.15	1146.6667558847705
49.19999999999999	1136.1900106086152
49.24999999999999	1076.600532806753
49.300000000000004	1116.917296132846
49.35	1161.0089824043312
49.39999999999999	1123.8404696697412
49.449999999999996	1114.8926952296956
49.50000000000001	1081.658876810988
49.54999999999999	1159.5240866558695
49.599999999999994	1132.220560535041
49.65	1136.5436383971614
49.699999999999996	1128.2028496702985
49.74999999999999	1122.487651391306
49.79999999999999	1182.7822442590937
49.85	1179.2683048497001
49.9	1119.8085809461545
49.949999999999996	1141.4126050158552
49.99999999999999	1129.2091343337688
50.05	1164.6314753291497
50.1	1175.7963229257919
50.15	1129.0102949017678
50.199999999999996	1181.063233776412
50.25	1227.828701294658
50.3	1186.3664328780606
50.349999999999994	1197.2230005292486
50.4	1145.0132756941387
50.45	1236.3374290284587
50.5	1191.8111163526746
50.55	1111.3135854536774
50.599999999999994	1155.815287728989
50.64999999999999	1170.2179704421228
50.699999999999996	1079.853102392272
50.75	1083.80187416332
50.8	1193.6331103020977
50.849999999999994	1143.055207047338
50.89999999999999	1154.2629027658968
50.95	1188.22132383354
51	1136.0115989984301
51.05	1114.1628163478792
51.099999999999994	1209.8253479032408
51.15	1199.0017749661254
51.2	1163.016629085556
51.249999999999986	1083.80187416332
51.3	1200.8074519702425
51.35	1177.4193117986897
51.39999999999999	1139.4436582099056
51.44999999999999	1030.2892039326148
51.5	1143.055207047338
51.550000000000004	1062.5979246134284
51.599999999999994	1134.5777989977962
51.64999999999999	1157.3864894795129
51.699999999999996	1191.8435554140885
51.74999999999999	1200.8236712075322
51.8	1096.7015742209542
51.849999999999994	1200.8564045773346
51.9	1179.3166711980248
51.949999999999996	1193.6223298509653
51.99999999999999	1191.8111163526746
52.04999999999999	1199.0125230435308
52.1	1118.0082456070127
52.15	1165.0002320939516
52.199999999999996	1121.6089162852961
52.24999999999999	1208.0630861211203
52.300000000000004	1098.7867012376134
52.35	1197.2284396088232
52.4	1116.207910267871
52.449999999999996	1119.8085809461545
52.49999999999999	1181.0199824769732
52.550000000000004	1150.6837929898784
52.6	1123.19168844146
52.65	1155.934228802446
52.699999999999996	1159.5240866558695
52.74999999999999	1177.3649210029453
52.8	1082.342142807259
52.85	1148.3302571674665
52.9	1215.1077689582075
52.949999999999996	1162.918725653216
53	1150.817341862118
53.05	1188.22132383354
53.09999999999999	1179.1214470284237
53.15	1148.7545130955984
53.2	1139.4436582099056
53.24999999999999	1101.8052275547373
53.29999999999999	1159.5240866558695
53.349999999999994	1084.4702621335402
53.400000000000006	1105.6762188545133
53.449999999999996	1155.815287728989
53.49999999999999	1114.6508634880727
53.55	1144.8609814660542
53.599999999999994	1096.1050721607176
53.64999999999999	1204.3973098236663
53.69999999999999	1165.0002320939516
53.75	1154.139299875734
53.8	1077.3120425815036
53.849999999999994	1100.0048922155954
53.89999999999999	1105.6762188545133
53.95	1244.1785744954439
54	1202.6240065466739
54.05	1062.5979246134284
54.099999999999994	1059.0080667600048
54.15	1109.780444400368
54.199999999999996	1075.1624271004116
54.25	1193.616890771391
54.3	1078.4008681458947
54.349999999999994	1127.0099223027214
54.4	1142.8965177802388
54.449999999999996	1131.3821652692086
54.49999999999999	1125.420437048344
54.55	1087.7269295873948
54.6	1065.7985207719025
54.65	1217.0266892598077
54.699999999999996	1170.2936602161408
54.74999999999999	1157.3864894795129
54.800000000000004	1225.9364569442089
54.85	1145.0132756941387
54.9	1095.5067409354115
54.949999999999996	1104.1553659016406
54.99999999999999	1114.1628163478792
55.050000000000004	1184.6206531552566
55.1	1139.6122696767136
55.14999999999999	1168.4176351029812
55.199999999999996	1123.409251624438
55.25	1243.8857462113276
55.29999999999999	1182.8957809740432
55.34999999999999	1117.7743651853116
55.4	1216.8332203875418
55.449999999999996	1112.1053279192813
55.49999999999999	1190.021659172682
55.54999999999999	1096.7015742209542
55.599999999999994	1220.6273599380913
55.65	1148.7545130955984
55.699999999999996	1029.291418668219
55.74999999999999	1141.8962771965203
55.8	1171.9475977467969
55.849999999999994	1132.6001527551914
55.89999999999999	1091.3167874408184
55.949999999999996	1126.3860978994928
56	1206.1279427888244
56.05	1123.409251624438
56.099999999999994	1129.406786664683
56.14999999999999	1164.5378850864113
56.2	1107.734475677659
56.25	1115.9685907665953
56.3	1094.6038861981704
56.349999999999994	1087.7269295873948
56.39999999999999	1150.5494420223104
56.45	1068.364268141458
56.5	1189.9889258028793
56.55	1265.2153058224635
56.599999999999994	1186.4209884943984
56.65	1088.8819744858527
56.7	1109.2660767079371
56.75	1114.4075749287292
56.8	1100.8593797347703
56.85	1166.354636857217
56.9	1181.106226086034
56.949999999999996	1175.7963229257919
56.999999999999986	1078.0473279735556
57.05	1193.6223298509653
57.1	1110.2940814568722
57.14999999999999	1150.5494420223104
57.19999999999999	1172.0183057812646
57.24999999999999	1134.3950816819033
57.3	1289.9859506454438
57.349999999999994	1082.342142807259
57.39999999999999	1134.0263349537572
57.44999999999999	1190.021659172682
57.49999999999999	1157.6156230681306
57.54999999999999	1191.8111163526746
57.599999999999994	1127.0099223027214
57.65	1175.6784469962765
57.699999999999996	1120.9304516322666
57.74999999999999	1211.823281023508
57.79999999999999	1077.3120425815036
57.84999999999999	1094.2992977420013
57.9	1080.5472138805471
57.949999999999996	1209.8253479032408
57.99999999999999	1127.0099223027214
58.05	1075.8803986710964
58.1	1114.1628163478792
58.15	1136.1900106086152
58.199999999999996	1220.6273599380913
58.24999999999999	1143.2129403549968
58.3	1150.4142817115637
58.349999999999994	1078.4008681458947
58.4	1134.759425464042
58.45	1069.777640320276
58.5	1127.0099223027214
58.55	1141.4126050158552
58.599999999999994	1208.0630861211203
58.64999999999999	1139.779868462039
58.7	1159.4159584072725
58.75	1124.0541478653245
58.8	1145.315128325851
58.85	1202.6457628649716
58.900000000000006	1109.0065689113042
58.95	1208.0630861211203
59	1139.9464636618236
59.04999999999999	1137.2866085243268
59.09999999999999	1113.8359551029484
59.15	1132.4109283201467
59.19999999999999	1215.406934668969
59.249999999999986	1261.636196046445
59.300000000000004	1191.8219945118237
59.349999999999994	1056.6682486948268
59.39999999999999	1079.1505518585466
59.44999999999999	1148.7545130955984
59.499999999999986	1124.9974628601763
59.55	1227.9266047269982
59.599999999999994	1134.3950816819033
59.64999999999999	1137.6378837911896
59.699999999999996	1107.003829007407
59.74999999999999	1102.7683248790197
59.8	1170.2179704421228
59.849999999999994	1215.226353920666
59.89999999999999	1128.8102576418632
59.949999999999996	1143.3697263154627
59.99999999999999	1141.249432628622
60.04999999999999	1097.290953868531
60.1	1200.8399884462553
60.15	1141.4126050158552
60.199999999999996	1191.8219945118237
60.24999999999999	1170.2936602161408
60.29999999999999	1166.6172997638394
60.35	1124.9974628601763
60.4	1111.061005634649
60.449999999999996	1125.420437048344
60.5	1213.3182140701983
60.550000000000004	1197.2284396088232
60.6	1136.3673538858054
60.65	1191.8111163526746
60.69999999999999	1195.422665190107
60.75	1181.063233776412
60.8	1184.6853358620522
60.85	1186.4480205565478
60.900000000000006	1161.2162937464143
60.95	1277.9893958188532
61	1142.8965177802388
61.04999999999999	1179.2683048497001
61.09999999999999	1093.418036573586
61.150000000000006	1238.761251239295
61.199999999999996	1147.1046832138602
61.24999999999999	1128.8102576418632
61.29999999999999	1197.217594116819
61.349999999999994	1142.8965177802388
61.39999999999999	1213.4260185815244
61.449999999999996	1229.3227109193788
61.49999999999999	1117.7743651853116
61.54999999999999	1120.0356502682084
61.599999999999994	1166.5302744906483
61.64999999999999	1037.9418350453025
61.69999999999999	1199.0451581149257
61.75	1190.0378784099714
61.8	1163.306832393955
61.849999999999994	1145.0132756941387
61.89999999999999	1209.782096603802
61.94999999999999	1274.8767396136186
62	1233.3439279831466
62.05	1168.3360489093645
62.099999999999994	1195.422665190107
62.15	1190.1017927931182
62.199999999999996	1058.5971794153359
62.25	1150.2783047222026
62.3	1234.911101577768
62.349999999999994	1179.2196471378315
62.4	1162.918725653216
62.449999999999996	1202.6240065466739
62.49999999999999	1159.6315674299242
62.550000000000004	1161.3190155825814
62.6	1137.9849395353272
62.65	1200.8399884462553
62.699999999999996	1154.0149523898472
62.749999999999986	1136.1900106086152
62.800000000000004	1233.4588409007013
62.85	1143.6804901296398
62.89999999999999	1170.2936602161408
62.95	1148.7545130955984
63	1128.8102576418632
63.050000000000004	1146.8136110332803
63.09999999999999	1204.4243418858155
63.14999999999999	1177.3649210029453
63.2	1200.8074519702425
63.24999999999999	1166.8752582601942
63.29999999999999	1150.5494420223104
63.34999999999999	1088.8819744858527
63.4	1114.6508634880727
63.449999999999996	1199.0233358683906
63.49999999999999	1186.3937930965262
63.54999999999999	1111.061005634649
63.59999999999999	1199.0342140275393
63.65	1202.5808847421436
63.699999999999996	1114.4075749287292
63.74999999999999	1128.8102576418632
63.8	1168.7391235563994
63.849999999999994	1180.932693490833
63.89999999999999	1143.3697263154627
63.949999999999996	1124.784053156146
63.99999999999999	1145.1646552421746
64.05	1206.2573117024042
64.1	1155.934228802446
64.14999999999999	1229.4242080622807
64.2	1211.6256832423826
64.25	1137.9849395353272
64.3	1199.0125230435308
64.35	1186.3937930965262
64.39999999999999	1170.0652147163776
64.45	1195.422665190107
64.5	1150.4142817115637
64.55	1168.57934186997
64.60000000000001	1209.8253479032408
64.65	1120.261359893723
64.7	1222.5092814708496
64.74999999999999	1182.7439399532423
64.79999999999998	1295.637738918619
64.85000000000001	1343.4961675248333
64.9	1385.115483319076
64.94999999999999	1513.9634352557343
65	1847.1440579594123
65.05	1708.5182368454994
65.1	1394.057851248886
65.14999999999999	1428.7634256626504
65.19999999999999	1510.5795496493172
65.25	1410.1692517512042
65.3	1300.6912282441613
65.35	1143.2129403549968
65.4	1260.2347373992093
65.45	1209.8688605398365
65.5	1143.055207047338
65.55	1116.4457924147846
65.6	1132.788244109787
65.64999999999999	1168.4176351029812
65.7	1184.653091629836
65.75	1258.2451776250225
65.8	1206.1922387503782
65.85	1155.5752430171035
65.89999999999999	1127.0099223027214
65.94999999999999	1152.6015547952375
66	1228.1241970646086
66.05	1111.061005634649
66.1	1232.8911367856178
66.14999999999999	1206.159994518162
66.19999999999999	1114.1628163478792
66.25	1150.2783047222026
66.3	1206.159994518162
66.35	1179.1706954216615
66.39999999999999	1182.858162703124
66.44999999999999	1148.613946372422
66.5	1102.3658110136316
66.55	1220.7035070521335
66.6	1145.1646552421746
66.65	1191.8435554140885
66.7	1188.1995675152423
66.75	1136.3673538858054
66.79999999999998	1182.7054027944675
66.84999999999998	1118.7015090659659
66.9	1215.1077689582075
66.94999999999999	1170.1418233280806
66.99999999999999	1132.6001527551914
67.05000000000001	1211.6746349585526
67.10000000000001	1207.9495494061712
67.14999999999999	1090.0510624833803
67.19999999999999	1198.9910910563462
67.24999999999999	1159.7384065277158
67.3	1139.2740248554203
67.35	1240.1615373903358
67.4	1159.3071768157836
67.45	1206.2573117024042
67.5	1159.4159584072725
67.55	1191.8328073366833
67.6	1202.6023808969546
67.64999999999999	1155.934228802446
67.7	1211.6256832423826
67.75	1182.858162703124
67.8	1143.055207047338
67.85	1218.8270245989495
67.9	1231.3212437243444
67.95	1154.139299875734
68	1154.0149523898472
68.05	1184.6206531552566
68.1	1112.855934561361
68.15	1159.197735941922
68.2	1209.7391042941804
68.25	1197.2068781232265
68.3	1206.2901439645625
68.35	1125.2095869635798
68.39999999999999	1186.4209884943984
68.45	1263.6299644051583
68.5	1117.5390673065092
68.55	1150.4142817115637
68.6	1198.9910910563462
68.65	1164.9088734360053
68.7	1163.1139445092933
68.75	1159.0876297739944
68.8	1087.7269295873948
68.85	1150.4142817115637
68.9	1139.2740248554203
68.95	1129.406786664683
68.99999999999999	1121.6089162852961
69.05000000000001	1216.9618123106495
69.10000000000001	1070.0667930045183
69.14999999999999	1220.4016462537809
69.19999999999999	1188.22132383354
69.24999999999999	1197.2339116525163
69.3	1168.6594711933137
69.35	1146.9595841688865
69.39999999999999	1197.2339116525163
69.45	1120.0356502682084
69.5	1139.779868462039
69.55	1166.5302744906483
69.6	1137.8119343375718
69.64999999999999	1182.7822442590937
69.7	1264.7998734377472
69.75	1152.2146170507056
69.8	1112.357041929163
69.85	1256.0859049161722
69.9	1124.8853029583927
69.95	1219.8574052018546
70	1143.1954613711218
