10	2
10.02	2
10.04	1
10.06	0
10.08	3
10.1	2
10.12	1
10.14	2
10.16	2
10.18	1
10.2	0
10.22	3
10.24	1
10.26	0
10.28	3
10.3	2
10.32	2
10.34	2
10.36	1
10.38	3
10.4	1
10.42	1
10.44	0
10.46	2
10.48	3
10.5	2
10.52	1
10.54	2
10.56	3
10.58	2
10.6	4
10.62	1
10.64	0
10.66	5
10.68	2
10.7	1
10.72	1
10.74	3
10.76	4
10.78	1
10.8	2
10.82	1
10.84	0
10.86	2
10.88	1
10.9	1
10.92	2
10.94	1
10.96	2
10.98	1
11	2
11.02	3
11.04	3
11.06	2
11.08	0
11.1	1
11.12	1
11.14	2
11.16	2
11.18	0
11.2	4
11.22	1
11.24	2
11.26	1
11.28	4
11.3	1
11.32	2
11.34	4
11.36	1
11.38	2
11.4	5
11.42	0
11.44	1
11.46	1
11.48	0
11.5	1
11.52	3
11.54	2
11.56	0
11.58	2
11.6	0
11.62	0
11.64	2
11.66	2
11.68	0
11.7	2
11.72	1
11.74	1
11.76	0
11.78	3
11.8	2
11.82	0
11.84	2
11.86	1
11.88	2
11.9	0
11.92	0
11.94	1
11.96	3
11.98	3
12	0
12.02	3
12.04	3
12.06	3
12.08	1
12.1	2
12.12	1
12.14	2
12.16	0
12.18	0
12.2	0
12.22	0
12.24	2
12.26	3
12.28	3
12.3	4
12.32	2
12.34	1
12.36	1
12.38	1
12.4	1
12.42	1
12.44	3
12.46	1
12.48	1
12.5	2
12.52	4
12.54	0
12.56	1
12.58	1
12.6	2
12.62	5
12.64	1
12.66	1
12.68	0
12.7	1
12.72	2
12.74	0
12.76	2
12.78	1
12.8	3
12.82	1
12.84	3
12.86	2
12.88	3
12.9	1
12.92	3
12.94	0
12.96	1
12.98	0
13	1
13.02	5
13.04	1
13.06	0
13.08	2
13.1	1
13.12	2
13.14	0
13.16	1
13.18	1
13.2	3
13.22	0
13.24	2
13.26	1
13.28	3
13.3	1
13.32	4
13.34	0
13.36	0
13.38	1
13.4	0
13.42	1
13.44	2
13.46	1
13.48	2
13.5	3
13.52	1
13.54	1
13.56	2
13.58	1
13.6	1
13.62	2
13.64	1
13.66	1
13.68	1
13.7	1
13.72	0
13.74	0
13.76	0
13.78	1
13.8	4
13.82	0
13.84	2
13.86	1
13.88	2
13.9	2
13.92	2
13.94	1
13.96	0
13.98	2
14	1
14.02	1
14.04	1
14.06	3
14.08	2
14.1	2
14.12	2
14.14	0
14.16	2
14.18	1
14.2	0
14.22	0
14.24	0
14.26	1
14.28	2
14.3	2
14.32	0
14.34	0
14.36	2
14.38	2
14.4	0
14.42	0
14.44	3
14.46	0
14.48	1
14.5	1
14.52	2
14.54	0
14.56	1
14.58	1
14.6	1
14.62	2
14.64	1
14.66	3
14.68	4
14.7	1
14.72	0
14.74	1
14.76	1
14.78	1
14.8	2
14.82	3
14.84	1
14.86	0
14.88	5
14.9	2
14.92	2
14.94	0
14.96	3
14.98	2
15	1
15.02	2
15.04	1
15.06	2
15.08	1
15.1	2
15.12	3
15.14	3
15.16	0
15.18	1
15.2	3
15.22	1
15.24	0
15.26	2
15.28	1
15.3	0
15.32	1
15.34	2
15.36	1
15.38	0
15.4	1
15.42	0
15.44	1
15.46	1
15.48	3
15.5	0
15.52	0
15.54	1
15.56	2
15.58	2
15.6	2
15.62	2
15.64	1
15.66	2
15.68	0
15.7	1
15.72	2
15.74	3
15.76	4
15.78	3
15.8	2
15.82	2
15.84	0
15.86	1
15.88	2
15.9	3
15.92	0
15.94	0
15.96	0
15.98	1
16	1
16.02	2
16.04	1
16.06	2
16.08	4
16.1	0
16.12	1
16.14	0
16.16	2
16.18	1
16.2	0
16.22	4
16.24	0
16.26	1
16.28	0
16.3	0
16.32	1
16.34	0
16.36	2
16.38	1
16.4	0
16.42	0
16.44	1
16.46	2
16.48	1
16.5	1
16.52	0
16.54	0
16.56	2
16.58	1
16.6	2
16.62	1
16.64	1
16.66	2
16.68	0
16.7	2
16.72	2
16.74	3
16.76	2
16.78	2
16.8	3
16.82	2
16.84	1
16.86	3
16.88	2
16.9	2
16.92	2
16.94	3
16.96	3
16.98	2
17	3
17.02	1
17.04	2
17.06	1
17.08	3
17.1	0
17.12	1
17.14	5
17.16	0
17.18	1
17.2	0
17.22	4
17.24	4
17.26	0
17.28	1
17.3	4
17.32	0
17.34	2
17.36	2
17.38	1
17.4	1
17.42	0
17.44	0
17.46	0
17.48	0
17.5	1
17.52	0
17.54	0
17.56	3
17.58	1
17.6	0
17.62	0
17.64	2
17.66	1
17.68	1
17.7	2
17.72	1
17.74	1
17.76	4
17.78	4
17.8	4
17.82	0
17.84	2
17.86	3
17.88	0
17.9	2
17.92	1
17.94	2
17.96	3
17.98	1
18	1
18.02	2
18.04	3
18.06	0
18.08	1
18.1	0
18.12	2
18.14	2
18.16	0
18.18	2
18.2	0
18.22	3
18.24	2
18.26	1
18.28	1
18.3	0
18.32	3
18.34	1
18.36	1
18.38	0
18.4	0
18.42	1
18.44	1
18.46	2
18.48	0
18.5	1
18.52	0
18.54	1
18.56	1
18.58	0
18.6	0
18.62	2
18.64	1
18.66	2
18.68	1
18.7	0
18.72	1
18.74	1
18.76	2
18.78	0
18.8	0
18.82	0
18.84	0
18.86	1
18.88	1
18.9	0
18.92	0
18.94	0
18.96	3
18.98	0
19	1
19.02	3
19.04	0
19.06	0
19.08	1
19.1	3
19.12	1
19.14	1
19.16	1
19.18	1
19.2	2
19.22	0
19.24	1
19.26	2
19.28	3
19.3	3
19.32	1
19.34	0
19.36	3
19.38	0
19.4	1
19.42	2
19.44	1
19.46	1
19.48	2
19.5	2
19.52	0
19.54	0
19.56	0
19.58	2
19.6	2
19.62	3
19.64	0
19.66	2
19.68	1
19.7	1
19.72	1
19.74	3
19.76	1
19.78	0
19.8	2
19.82	1
19.84	0
19.86	3
19.88	0
19.9	1
19.92	2
19.94	1
19.96	1
19.98	0
20	0
20.02	1
20.04	1
20.06	1
20.08	0
20.1	1
20.12	2
20.14	0
20.16	0
20.18	4
20.2	4
20.22	0
20.24	2
20.26	0
20.28	1
20.3	0
20.32	3
20.34	2
20.36	2
20.38	2
20.4	2
20.42	2
20.44	3
20.46	1
20.48	0
20.5	0
20.52	2
20.54	2
20.56	0
20.58	3
20.6	1
20.62	1
20.64	1
20.66	0
20.68	0
20.7	0
20.72	1
20.74	2
20.76	0
20.78	1
20.8	2
20.82	0
20.84	0
20.86	0
20.88	2
20.9	2
20.92	1
20.94	0
20.96	1
20.98	3
21	0
21.02	2
21.04	1
21.06	0
21.08	1
21.1	2
21.12	2
21.14	2
21.16	1
21.18	2
21.2	0
21.22	0
21.24	2
21.26	0
21.28	3
21.3	1
21.32	2
21.34	2
21.36	2
21.38	0
21.4	1
21.42	4
21.44	0
21.46	1
21.48	1
21.5	0
21.52	1
21.54	0
21.56	4
21.58	0
21.6	3
21.62	0
21.64	1
21.66	1
21.68	0
21.7	1
21.72	0
21.74	0
21.76	0
21.78	0
21.8	0
21.82	2
21.84	1
21.86	0
21.88	1
21.9	3
21.92	0
21.94	0
21.96	2
21.98	3
22	2
22.02	1
22.04	0
22.06	0
22.08	0
22.1	0
22.12	0
22.14	0
22.16	1
22.18	1
22.2	0
22.22	0
22.24	2
22.26	1
22.28	0
22.3	0
22.32	1
22.34	3
22.36	0
22.38	0
22.4	3
22.42	1
22.44	2
22.46	1
22.48	3
22.5	0
22.52	1
22.54	1
22.56	0
22.58	0
22.6	0
22.62	2
22.64	1
22.66	1
22.68	1
22.7	0
22.72	3
22.74	0
22.76	2
22.78	0
22.8	2
22.82	0
22.84	0
22.86	0
22.88	3
22.9	1
22.92	0
22.94	0
22.96	0
22.98	0
23	1
23.02	0
23.04	1
23.06	0
23.08	1
23.1	0
23.12	0
23.14	1
23.16	1
23.18	1
23.2	2
23.22	0
23.24	0
23.26	1
23.28	0
23.3	0
23.32	1
23.34	2
23.36	1
23.38	0
23.4	1
23.42	2
23.44	0
23.46	1
23.48	2
23.5	0
23.52	1
23.54	0
23.56	0
23.58	1
23.6	1
23.62	1
23.64	1
23.66	0
23.68	2
23.7	0
23.72	0
23.74	1
23.76	1
23.78	1
23.8	3
23.82	1
23.84	1
23.86	1
23.88	0
23.9	3
23.92	1
23.94	2
23.96	0
23.98	2
24	1
24.02	1
24.04	1
24.06	4
24.08	4
24.1	4
24.12	2
24.14	1
24.16	3
24.18	3
24.2	6
24.22	11
24.24	14
24.26	20
24.28	31
24.3	51
24.32	50
24.34	73
24.36	65
24.38	61
24.4	50
24.42	38
24.44	30
24.46	23
24.48	13
24.5	8
24.52	7
24.54	6
24.56	4
24.58	5
24.6	6
24.62	4
24.64	2
24.66	3
24.68	1
24.7	3
24.72	4
24.74	3
24.76	3
24.78	5
24.8	4
24.82	0
24.84	1
24.86	2
24.88	4
24.9	2
24.92	3
24.94	2
24.96	1
24.98	2
25	0
25.02	2
25.04	3
25.06	0
25.08	3
25.1	0
25.12	1
25.14	2
25.16	3
25.18	3
25.2	1
25.22	1
25.24	2
25.26	0
25.28	2
25.3	3
25.32	1
25.34	0
25.36	1
25.38	4
25.4	2
25.42	2
25.44	2
25.46	1
25.48	0
25.5	0
25.52	1
25.54	1
25.56	1
25.58	1
25.6	0
25.62	0
25.64	0
25.66	0
25.68	1
25.7	0
25.72	0
25.74	0
25.76	1
25.78	0
25.8	0
25.82	0
25.84	2
25.86	2
25.88	0
25.9	1
25.92	0
25.94	0
25.96	3
25.98	0
26	1
26.02	2
26.04	1
26.06	2
26.08	1
26.1	1
26.12	1
26.14	1
26.16	0
26.18	1
26.2	0
26.22	3
26.24	0
26.26	1
26.28	3
26.3	1
26.32	2
26.34	1
26.36	2
26.38	1
26.4	2
26.42	0
26.44	0
26.46	0
26.48	0
26.5	0
26.52	0
26.54	3
26.56	0
26.58	1
26.6	0
26.62	2
26.64	0
26.66	0
26.68	2
26.7	0
26.72	1
26.74	2
26.76	2
26.78	1
26.8	1
26.82	2
26.84	3
26.86	1
26.88	2
26.9	2
26.92	4
26.94	0
26.96	0
26.98	0
27	2
27.02	1
27.04	1
27.06	0
27.08	3
27.1	0
27.12	1
27.14	1
27.16	0
27.18	1
27.2	2
27.22	1
27.24	1
27.26	3
27.28	1
27.3	4
27.32	2
27.34	2
27.36	1
27.38	2
27.4	1
27.42	0
27.44	3
27.46	1
27.48	0
27.5	1
27.52	2
27.54	2
27.56	0
27.58	1
27.6	0
27.62	2
27.64	2
27.66	2
27.68	1
27.7	1
27.72	1
27.74	2
27.76	1
27.78	1
27.8	0
27.82	2
27.84	0
27.86	2
27.88	0
27.9	2
27.92	1
27.94	2
27.96	3
27.98	1
28	0
28.02	0
28.04	1
28.06	0
28.08	2
28.1	1
28.12	1
28.14	2
28.16	0
28.18	1
28.2	0
28.22	0
28.24	1
28.26	2
28.28	0
28.3	3
28.32	1
28.34	0
28.36	0
28.38	0
28.4	0
28.42	0
28.44	1
28.46	0
28.48	1
28.5	0
28.52	0
28.54	0
28.56	1
28.58	1
28.6	0
28.62	2
28.64	1
28.66	1
28.68	2
28.7	3
28.72	1
28.74	1
28.76	2
28.78	1
28.8	1
28.82	1
28.84	4
28.86	0
28.88	0
28.9	1
28.92	0
28.94	0
28.96	0
28.98	2
29	1
29.02	0
29.04	0
29.06	0
29.08	0
29.1	1
29.12	1
29.14	1
29.16	0
29.18	1
29.2	1
29.22	2
29.24	1
29.26	1
29.28	3
29.3	1
29.32	2
29.34	2
29.36	1
29.38	2
29.4	2
29.42	0
29.44	2
29.46	1
29.48	1
29.5	1
29.52	0
29.54	2
29.56	0
29.58	2
29.6	2
29.62	0
29.64	1
29.66	1
29.68	1
29.7	2
29.72	0
29.74	1
29.76	4
29.78	0
29.8	1
29.82	1
29.84	1
29.86	2
29.88	1
29.9	1
29.92	2
29.94	3
29.96	0
29.98	0
30	0
30.02	0
30.04	3
30.06	4
30.08	1
30.1	1
30.12	1
30.14	0
30.16	2
30.18	1
30.2	2
30.22	3
30.24	2
30.26	0
30.28	1
30.3	1
30.32	2
30.34	0
30.36	0
30.38	1
30.4	1
30.42	1
30.44	2
30.46	0
30.48	2
30.5	0
30.52	1
30.54	1
30.56	1
30.58	0
30.6	1
30.62	3
30.64	0
30.66	3
30.68	0
30.7	2
30.72	1
30.74	0
30.76	1
30.78	0
30.8	1
30.82	1
30.84	3
30.86	0
30.88	0
30.9	0
30.92	1
30.94	1
30.96	1
30.98	2
31	0
31.02	5
31.04	3
31.06	2
31.08	1
31.1	4
31.12	4
31.14	5
31.16	3
31.18	2
31.2	3
31.22	2
31.24	0
31.26	0
31.28	4
31.3	3
31.32	1
31.34	0
31.36	2
31.38	1
31.4	0
31.42	0
31.44	1
31.46	2
31.48	4
31.5	3
31.52	1
31.54	0
31.56	1
31.58	1
31.6	3
31.62	0
31.64	1
31.66	1
31.68	1
31.7	1
31.72	0
31.74	1
31.76	0
31.78	0
31.8	2
31.82	3
31.84	1
31.86	5
31.88	2
31.9	3
31.92	1
31.94	3
31.96	2
31.98	2
32	2
32.02	1
32.04	2
32.06	1
32.08	0
32.1	2
32.12	0
32.14	1
32.16	1
32.18	1
32.2	0
32.22	1
32.24	1
32.26	3
32.28	1
32.3	0
32.32	0
32.34	1
32.36	1
32.38	1
32.4	0
32.42	1
32.44	0
32.46	1
32.48	1
32.5	0
32.52	1
32.54	3
32.56	4
32.58	0
32.6	4
32.62	1
32.64	0
32.66	1
32.68	1
32.7	0
32.72	4
32.74	3
32.76	1
32.78	2
32.8	0
32.82	0
32.84	3
32.86	3
32.88	2
32.9	6
32.92	0
32.94	3
32.96	3
32.98	5
33	6
33.02	10
33.04	1
33.06	5
33.08	3
33.1	8
33.12	8
33.14	9
33.16	13
33.18	12
33.2	13
33.22	21
33.24	34
33.26	43
33.28	85
33.3	97
33.32	142
33.34	183
33.36	198
33.38	179
33.4	136
33.42	141
33.44	124
33.46	86
33.48	64
33.5	48
33.52	35
33.54	17
33.56	27
33.58	19
33.6	18
33.62	9
33.64	8
33.66	14
33.68	9
33.7	9
33.72	4
33.74	8
33.76	5
33.78	7
33.8	4
33.82	4
33.84	6
33.86	13
33.88	5
33.9	6
33.92	1
33.94	1
33.96	1
33.98	5
34	1
34.02	2
34.04	6
34.06	4
34.08	3
34.1	3
34.12	5
34.14	4
34.16	3
34.18	2
34.2	3
34.22	2
34.24	3
34.26	1
34.28	0
34.3	2
34.32	1
34.34	1
34.36	2
34.38	5
34.4	0
34.42	3
34.44	2
34.46	0
34.48	2
34.5	2
34.52	2
34.54	5
34.56	1
34.58	1
34.6	3
34.62	0
34.64	3
34.66	2
34.68	2
34.7	4
34.72	2
34.74	1
34.76	0
34.78	1
34.8	3
34.82	1
34.84	3
34.86	0
34.88	3
34.9	2
34.92	3
34.94	2
34.96	0
34.98	3
35	3
35.02	2
35.04	2
35.06	3
35.08	1
35.1	2
35.12	2
35.14	0
35.16	1
35.18	2
35.2	3
35.22	3
35.24	4
35.26	2
35.28	3
35.3	2
35.32	3
35.34	5
35.36	1
35.38	2
35.4	3
35.42	4
35.44	0
35.46	1
35.48	3
35.5	6
35.52	7
35.54	7
35.56	6
35.58	6
35.6	6
35.62	3
35.64	8
35.66	12
35.68	19
35.7	22
35.72	33
35.74	39
35.76	80
35.78	91
35.8	120
35.82	133
35.84	132
35.86	114
35.88	80
35.9	105
35.92	86
35.94	56
35.96	40
35.98	44
36	17
36.02	26
36.04	15
36.06	8
36.08	8
36.1	5
36.12	6
36.14	12
36.16	3
36.18	12
36.2	7
36.22	7
36.24	7
36.26	4
36.28	2
36.3	4
36.32	2
36.34	4
36.36	5
36.38	2
36.4	1
36.42	3
36.44	1
36.46	5
36.48	2
36.5	1
36.52	1
36.54	1
36.56	1
36.58	3
36.6	2
36.62	4
36.64	0
36.66	4
36.68	0
36.7	1
36.72	2
36.74	2
36.76	2
36.78	0
36.8	0
36.82	2
36.84	2
36.86	1
36.88	2
36.9	3
36.92	4
36.94	2
36.96	2
36.98	2
37	2
37.02	2
37.04	4
37.06	2
37.08	1
37.1	1
37.12	1
37.14	0
37.16	2
37.18	1
37.2	1
37.22	1
37.24	2
37.26	1
37.28	0
37.3	2
37.32	3
37.34	1
37.36	1
37.38	1
37.4	5
37.42	1
37.44	3
37.46	3
37.48	2
37.5	0
37.52	1
37.54	0
37.56	1
37.58	4
37.6	0
37.62	1
37.64	0
37.66	1
37.68	2
37.7	4
37.72	1
37.74	1
37.76	1
37.78	3
37.8	0
37.82	0
37.84	2
37.86	4
37.88	2
37.9	1
37.92	0
37.94	0
37.96	2
37.98	0
38	0
38.02	2
38.04	3
38.06	0
38.08	1
38.1	2
38.12	3
38.14	0
38.16	0
38.18	0
38.2	1
38.22	0
38.24	1
38.26	3
38.28	1
38.3	5
38.32	3
38.34	3
38.36	1
38.38	1
38.4	2
38.42	1
38.44	1
38.46	0
38.48	1
38.5	3
38.52	1
38.54	1
38.56	0
38.58	0
38.6	0
38.62	1
38.64	3
38.66	0
38.68	1
38.7	2
38.72	0
38.74	0
38.76	0
38.78	2
38.8	0
38.82	3
38.84	2
38.86	2
38.88	4
38.9	0
38.92	0
38.94	1
38.96	1
38.98	2
39	0
39.02	0
39.04	0
39.06	2
39.08	0
39.1	1
39.12	1
39.14	2
39.16	0
39.18	1
39.2	2
39.22	2
39.24	1
39.26	0
39.28	1
39.3	0
39.32	1
39.34	1
39.36	0
39.38	2
39.4	7
39.42	4
39.44	3
39.46	6
39.48	3
39.5	1
39.52	1
39.54	1
39.56	2
39.58	1
39.6	1
39.62	2
39.64	1
39.66	0
39.68	2
39.7	3
39.72	3
39.74	0
39.76	1
39.78	0
39.8	2
39.82	0
39.84	2
39.86	0
39.88	2
39.9	0
39.92	1
39.94	0
39.96	3
39.98	2
40	3
40.02	2
40.04	1
40.06	0
40.08	1
40.1	1
40.12	1
40.14	0
40.16	1
40.18	0
40.2	0
40.22	0
40.24	2
40.26	1
40.28	1
40.3	1
40.32	2
40.34	1
40.36	1
40.38	0
40.4	1
40.42	2
40.44	1
40.46	1
40.48	2
40.5	1
40.52	1
40.54	2
40.56	2
40.58	2
40.6	2
40.62	0
40.64	0
40.66	2
40.68	3
40.7	4
40.72	3
40.74	2
40.76	2
40.78	2
40.8	4
40.82	3
40.84	2
40.86	7
40.88	6
40.9	6
40.92	3
40.94	7
40.96	10
40.98	21
41	21
41.02	34
41.04	33
41.06	43
41.08	29
41.1	26
41.12	36
41.14	21
41.16	29
41.18	16
41.2	13
41.22	12
41.24	7
41.26	3
41.28	6
41.3	10
41.32	6
41.34	0
41.36	3
41.38	3
41.4	5
41.42	3
41.44	1
41.46	2
41.48	3
41.5	2
41.52	1
41.54	1
41.56	1
41.58	0
41.6	3
41.62	0
41.64	1
41.66	3
41.68	2
41.7	0
41.72	3
41.74	2
41.76	3
41.78	2
41.8	2
41.82	1
41.84	1
41.86	1
41.88	2
41.9	2
41.92	2
41.94	1
41.96	1
41.98	0
42	1
42.02	0
42.04	1
42.06	1
42.08	0
42.1	2
42.12	0
42.14	1
42.16	2
42.18	1
42.2	0
42.22	1
42.24	0
42.26	3
42.28	2
42.3	1
42.32	2
42.34	0
42.36	0
42.38	1
42.4	1
42.42	1
42.44	0
42.46	3
42.48	0
42.5	0
42.52	1
42.54	1
42.56	0
42.58	1
42.6	2
42.62	2
42.64	0
42.66	1
42.68	1
42.7	1
42.72	2
42.74	0
42.76	0
42.78	4
42.8	2
42.82	0
42.84	0
42.86	2
42.88	1
42.9	4
42.92	0
42.94	3
42.96	0
42.98	2
43	2
43.02	0
43.04	3
43.06	0
43.08	1
43.1	0
43.12	2
43.14	0
43.16	0
43.18	2
43.2	0
43.22	1
43.24	1
43.26	1
43.28	3
43.3	1
43.32	2
43.34	0
43.36	1
43.38	1
43.4	1
43.42	2
43.44	1
43.46	0
43.48	0
43.5	2
43.52	1
43.54	1
43.56	2
43.58	0
43.6	0
43.62	1
43.64	5
43.66	1
43.68	3
43.7	2
43.72	6
43.74	2
43.76	3
43.78	5
43.8	0
43.82	2
43.84	3
43.86	2
43.88	3
43.9	0
43.92	1
43.94	1
43.96	0
43.98	1
44	0
44.02	3
44.04	3
44.06	0
44.08	2
44.1	0
44.12	0
44.14	1
44.16	1
44.18	1
44.2	1
44.22	1
44.24	1
44.26	2
44.28	2
44.3	1
44.32	0
44.34	0
44.36	0
44.38	0
44.4	2
44.42	1
44.44	1
44.46	2
44.48	0
44.5	1
44.52	1
44.54	1
44.56	0
44.58	0
44.6	1
44.62	2
44.64	0
44.66	0
44.68	0
44.7	2
44.72	1
44.74	1
44.76	2
44.78	0
44.8	1
44.82	3
44.84	3
44.86	0
44.88	3
44.9	1
44.92	1
44.94	1
44.96	0
44.98	0
45	0
45.02	2
45.04	0
45.06	0
45.08	0
45.1	1
45.12	3
45.14	0
45.16	1
45.18	2
45.2	0
45.22	0
45.24	0
45.26	0
45.28	0
45.3	1
45.32	1
45.34	1
45.36	2
45.38	0
45.4	2
45.42	0
45.44	1
45.46	2
45.48	0
45.5	4
45.52	0
45.54	2
45.56	1
45.58	0
45.6	1
45.62	2
45.64	4
45.66	2
45.68	3
45.7	1
45.72	0
45.74	0
45.76	2
45.78	0
45.8	0
45.82	1
45.84	0
45.86	1
45.88	1
45.9	1
45.92	0
45.94	0
45.96	2
45.98	2
46	1
46.02	1
46.04	1
46.06	0
46.08	1
46.1	4
46.12	0
46.14	2
46.16	0
46.18	0
46.2	1
46.22	0
46.24	1
46.26	1
46.28	1
46.3	0
46.32	1
46.34	1
46.36	1
46.38	1
46.4	1
46.42	1
46.44	3
46.46	2
46.48	0
46.5	1
46.52	0
46.54	0
46.56	0
46.58	0
46.6	1
46.62	0
46.64	2
46.66	0
46.68	0
46.7	0
46.72	2
46.74	2
46.76	0
46.78	0
46.8	0
46.82	0
46.84	2
46.86	2
46.88	1
46.9	1
46.92	1
46.94	1
46.96	0
46.98	0
47	0
47.02	0
47.04	1
47.06	0
47.08	3
47.1	1
47.12	0
47.14	2
47.16	0
47.18	0
47.2	2
47.22	1
47.24	2
47.26	0
47.28	2
47.3	0
47.32	0
47.34	0
47.36	1
47.38	0
47.4	2
47.42	2
47.44	0
47.46	2
47.48	0
47.5	1
47.52	2
47.54	1
47.56	1
47.58	1
47.6	1
47.62	0
47.64	1
47.66	4
47.68	1
47.7	4
47.72	3
47.74	1
47.76	1
47.78	1
47.8	0
47.82	1
47.84	0
47.86	1
47.88	1
47.9	0
47.92	0
47.94	1
47.96	0
47.98	0
48	2
48.02	0
48.04	2
48.06	0
48.08	1
48.1	0
48.12	0
48.14	3
48.16	4
48.18	0
48.2	1
48.22	0
48.24	0
48.26	1
48.28	0
48.3	1
48.32	0
48.34	2
48.36	1
48.38	2
48.4	1
48.42	1
48.44	1
48.46	1
48.48	0
48.5	0
48.52	2
48.54	2
48.56	0
48.58	1
48.6	0
48.62	0
48.64	1
48.66	2
48.68	1
48.7	3
48.72	2
48.74	2
48.76	3
48.78	1
48.8	1
48.82	1
48.84	0
48.86	0
48.88	0
48.9	0
48.92	1
48.94	2
48.96	2
48.98	1
49	2
49.02	2
49.04	1
49.06	0
49.08	0
49.1	2
49.12	1
49.14	1
49.16	1
49.18	3
49.2	3
49.22	0
49.24	2
49.26	2
49.28	2
49.3	1
49.32	3
49.34	1
49.36	5
49.38	0
49.4	9
49.42	16
49.44	4
49.46	5
49.48	13
49.5	6
49.52	11
49.54	18
49.56	27
49.58	37
49.6	40
49.62	51
49.64	47
49.66	69
49.68	49
49.7	54
49.72	45
49.74	51
49.76	38
49.78	45
49.8	32
49.82	22
49.84	23
49.86	17
49.88	10
49.9	11
49.92	4
49.94	8
49.96	6
49.98	3
50	6
50.02	2
50.04	6
50.06	4
50.08	5
50.1	3
50.12	5
50.14	3
50.16	5
50.18	2
50.2	3
50.22	2
50.24	2
50.26	1
50.28	1
50.3	4
50.32	0
50.34	2
50.36	2
50.38	1
50.4	3
50.42	1
50.44	2
50.46	0
50.48	2
50.5	5
50.52	0
50.54	3
50.56	0
50.58	2
50.6	2
50.62	1
50.64	3
50.66	1
50.68	1
50.7	1
50.72	4
50.74	0
50.76	1
50.78	1
50.8	1
50.82	2
50.84	0
50.86	4
50.88	1
50.9	0
50.92	3
50.94	0
50.96	0
50.98	0
51	2
51.02	0
51.04	1
51.06	3
51.08	2
51.1	1
51.12	0
51.14	2
51.16	0
51.18	0
51.2	0
51.22	0
51.24	0
51.26	2
51.28	1
51.3	0
51.32	0
51.34	1
51.36	1
51.38	4
51.4	3
51.42	2
51.44	1
51.46	1
51.48	2
51.5	3
51.52	2
51.54	1
51.56	0
51.58	1
51.6	1
51.62	1
51.64	1
51.66	0
51.68	0
51.7	1
51.72	1
51.74	0
51.76	2
51.78	2
51.8	1
51.82	2
51.84	2
51.86	5
51.88	0
51.9	2
51.92	2
51.94	1
51.96	0
51.98	1
52	0
52.02	3
52.04	1
52.06	2
52.08	2
52.1	1
52.12	1
52.14	0
52.16	2
52.18	1
52.2	0
52.22	1
52.24	1
52.26	0
52.28	4
52.3	0
52.32	2
52.34	1
52.36	1
52.38	0
52.4	0
52.42	1
52.44	1
52.46	1
52.48	1
52.5	1
52.52	0
52.54	2
52.56	2
52.58	0
52.6	1
52.62	0
52.64	0
52.66	1
52.68	1
52.7	2
52.72	1
52.74	0
52.76	1
52.78	4
52.8	1
52.82	3
52.84	1
52.86	2
52.88	0
52.9	1
52.92	1
52.94	1
52.96	0
52.98	0
53	2
53.02	1
53.04	2
53.06	0
53.08	1
53.1	0
53.12	3
53.14	1
53.16	0
53.18	0
53.2	0
53.22	0
53.24	1
53.26	0
53.28	2
53.3	0
53.32	1
53.34	1
53.36	0
53.38	0
53.4	1
53.42	4
53.44	0
53.46	0
53.48	0
53.5	1
53.52	2
53.54	1
53.56	2
53.58	1
53.6	2
53.62	1
53.64	5
53.66	0
53.68	4
53.7	1
53.72	0
53.74	0
53.76	0
53.78	1
53.8	1
53.82	1
53.84	4
53.86	2
53.88	3
53.9	5
53.92	4
53.94	3
53.96	1
53.98	4
54	7
54.02	5
54.04	5
54.06	10
54.08	5
54.1	10
54.12	12
54.14	25
54.16	26
54.18	56
54.2	57
54.22	65
54.24	80
54.26	71
54.28	55
54.3	49
54.32	47
54.34	59
54.36	52
54.38	58
54.4	33
54.42	42
54.44	29
54.46	17
54.48	8
54.5	14
54.52	10
54.54	6
54.56	4
54.58	11
54.6	6
54.62	2
54.64	8
54.66	4
54.68	3
54.7	4
54.72	3
54.74	2
54.76	0
54.78	2
54.8	1
54.82	4
54.84	4
54.86	1
54.88	2
54.9	4
54.92	2
54.94	3
54.96	2
54.98	1
55	2
55.02	2
55.04	2
55.06	2
55.08	2
55.1	2
55.12	1
55.14	1
55.16	0
55.18	2
55.2	0
55.22	1
55.24	2
55.26	2
55.28	1
55.3	0
55.32	1
55.34	2
55.36	0
55.38	1
55.4	2
55.42	1
55.44	1
55.46	2
55.48	3
55.5	0
55.52	1
55.54	1
55.56	3
55.58	0
55.6	1
55.62	2
55.64	2
55.66	0
55.68	2
55.7	2
55.72	1
55.74	1
55.76	1
55.78	2
55.8	2
55.82	2
55.84	1
55.86	1
55.88	1
55.9	1
55.92	0
55.94	0
55.96	0
55.98	1
56	2
56.02	0
56.04	0
56.06	0
56.08	1
56.1	2
56.12	2
56.14	2
56.16	2
56.18	0
56.2	2
56.22	1
56.24	3
56.26	3
56.28	0
56.3	3
56.32	2
56.34	0
56.36	0
56.38	1
56.4	3
56.42	4
56.44	1
56.46	2
56.48	0
56.5	2
56.52	3
56.54	1
56.56	2
56.58	0
56.6	2
56.62	3
56.64	0
56.66	6
56.68	1
56.7	0
56.72	2
56.74	4
56.76	2
56.78	1
56.8	3
56.82	3
56.84	0
56.86	1
56.88	0
56.9	3
56.92	1
56.94	0
56.96	1
56.98	0
57	0
57.02	1
57.04	1
57.06	0
57.08	3
57.1	2
57.12	3
57.14	2
57.16	1
57.18	2
57.2	1
57.22	0
57.24	1
57.26	0
57.28	1
57.3	0
57.32	0
57.34	1
57.36	2
57.38	4
57.4	0
57.42	2
57.44	1
57.46	3
57.48	3
57.5	6
57.52	2
57.54	5
57.56	4
57.58	3
57.6	6
57.62	6
57.64	6
57.66	5
57.68	5
57.7	7
57.72	7
57.74	10
57.76	16
57.78	11
57.8	8
57.82	10
57.84	4
57.86	16
57.88	7
57.9	10
57.92	14
57.94	6
57.96	4
57.98	4
58	6
58.02	5
58.04	1
58.06	5
58.08	3
58.1	3
58.12	2
58.14	3
58.16	1
58.18	1
58.2	2
58.22	2
58.24	4
58.26	1
58.28	0
58.3	0
58.32	2
58.34	1
58.36	0
58.38	1
58.4	2
58.42	2
58.44	0
58.46	1
58.48	1
58.5	1
58.52	2
58.54	0
58.56	0
58.58	0
58.6	0
58.62	0
58.64	0
58.66	1
58.68	0
58.7	2
58.72	2
58.74	1
58.76	0
58.78	0
58.8	0
58.82	0
58.84	1
58.86	4
58.88	2
58.9	1
58.92	2
58.94	1
58.96	1
58.98	0
59	1
59.02	0
59.04	1
59.06	1
59.08	0
59.1	1
59.12	0
59.14	0
59.16	2
59.18	0
59.2	1
59.22	1
59.24	1
59.26	0
59.28	2
59.3	3
59.32	0
59.34	3
59.36	4
59.38	1
59.4	2
59.42	0
59.44	0
59.46	1
59.48	0
59.5	0
59.52	0
59.54	1
59.56	0
59.58	1
59.6	0
59.62	1
59.64	2
59.66	2
59.68	2
59.7	1
59.72	1
59.74	0
59.76	3
59.78	1
59.8	1
59.82	2
59.84	1
59.86	1
59.88	0
59.9	1
59.92	0
59.94	1
59.96	0
59.98	1
60	0
60.02	0
60.04	3
60.06	0
60.08	0
60.1	0
60.12	0
60.14	1
60.16	0
60.18	0
60.2	1
60.22	0
60.24	0
60.26	0
60.28	3
60.3	0
60.32	0
60.34	0
60.36	1
60.38	0
60.4	1
60.42	0
60.44	1
60.46	0
60.48	0
60.5	1
60.52	3
60.54	1
60.56	0
60.58	0
60.6	0
60.62	0
60.64	0
60.66	1
60.68	0
60.7	2
60.72	1
60.74	2
60.76	0
60.78	4
60.8	3
60.82	2
60.84	0
60.86	3
60.88	1
60.9	2
60.92	3
60.94	1
60.96	0
60.98	0
61	1
61.02	1
61.04	1
61.06	1
61.08	2
61.1	0
61.12	1
61.14	0
61.16	0
61.18	0
61.2	1
61.22	0
61.24	1
61.26	1
61.28	1
61.3	0
61.32	0
61.34	0
61.36	2
61.38	1
61.4	0
61.42	0
61.44	0
61.46	3
61.48	0
61.5	1
61.52	0
61.54	1
61.56	1
61.58	1
61.6	0
61.62	0
61.64	0
61.66	3
61.68	0
61.7	2
61.72	2
61.74	4
61.76	1
61.78	1
61.8	2
61.82	2
61.84	3
61.86	2
61.88	3
61.9	0
61.92	3
61.94	3
61.96	1
61.98	1
62	0
62.02	2
62.04	1
62.06	1
62.08	1
62.1	1
62.12	0
62.14	1
62.16	3
62.18	1
62.2	1
62.22	2
62.24	1
62.26	4
62.28	3
62.3	3
62.32	4
62.34	2
62.36	2
62.38	7
62.4	7
62.42	3
62.44	7
62.46	7
62.48	13
62.5	22
62.52	25
62.54	23
62.56	32
62.58	37
62.6	42
62.62	25
62.64	35
62.66	20
62.68	22
62.7	20
62.72	22
62.74	30
62.76	28
62.78	26
62.8	16
62.82	13
62.84	11
62.86	12
62.88	6
62.9	7
62.92	6
62.94	7
62.96	4
62.98	5
63	1
63.02	8
63.04	1
63.06	4
63.08	2
63.1	4
63.12	3
63.14	3
63.16	3
63.18	4
63.2	1
63.22	2
63.24	5
63.26	0
63.28	2
63.3	3
63.32	1
63.34	5
63.36	3
63.38	2
63.4	0
63.42	1
63.44	0
63.46	4
63.48	2
63.5	0
63.52	0
63.54	1
63.56	0
63.58	2
63.6	1
63.62	2
63.64	7
63.66	3
63.68	2
63.7	2
63.72	1
63.74	2
63.76	7
63.78	1
63.8	2
63.82	3
63.84	2
63.86	3
63.88	5
63.9	4
63.92	3
63.94	2
63.96	2
63.98	3
64	9
64.02	8
64.04	7
64.06	11
64.08	20
64.1	27
64.12	25
64.14	36
64.16	47
64.18	40
64.2	40
64.22	20
64.24	19
64.26	26
64.28	25
64.3	26
64.32	33
64.34	31
64.36	29
64.38	15
64.4	14
64.42	13
64.44	9
64.46	6
64.48	8
64.5	2
64.52	10
64.54	2
64.56	2
64.58	2
64.6	4
64.62	1
64.64	6
64.66	1
64.68	1
64.7	3
64.72	3
64.74	2
64.76	2
64.78	4
64.8	0
64.82	2
64.84	4
64.86	3
64.88	2
64.9	2
64.92	2
64.94	3
64.96	0
64.98	0
65	3
65.02	1
65.04	1
65.06	2
65.08	1
65.1	3
65.12	3
65.14	3
65.16	1
65.18	2
65.2	3
65.22	5
65.24	0
65.26	1
65.28	1
65.3	1
65.32	2
65.34	3
65.36	1
65.38	3
65.4	0
65.42	2
65.44	1
65.46	2
65.48	0
65.5	0
65.52	2
65.54	2
65.56	0
65.58	1
65.6	1
65.62	1
65.64	1
65.66	3
65.68	0
65.7	1
65.72	0
65.74	0
65.76	3
65.78	3
65.8	1
65.82	0
65.84	1
65.86	1
65.88	0
65.9	0
65.92	2
65.94	2
65.96	2
65.98	2
66	1
66.02	0
66.04	2
66.06	0
66.08	2
66.1	1
66.12	3
66.14	1
66.16	3
66.18	0
66.2	1
66.22	0
66.24	4
66.26	1
66.28	2
66.3	1
66.32	0
66.34	0
66.36	1
66.38	1
66.4	3
66.42	0
66.44	3
66.46	1
66.48	1
66.5	1
66.52	1
66.54	3
66.56	2
66.58	1
66.6	0
66.62	2
66.64	0
66.66	0
66.68	1
66.7	1
66.72	1
66.74	0
66.76	2
66.78	0
66.8	1
66.82	1
66.84	0
66.86	0
66.88	1
66.9	1
66.92	2
66.94	0
66.96	1
66.98	1
67	1
67.02	0
67.04	1
67.06	2
67.08	3
67.1	0
67.12	0
67.14	2
67.16	1
67.18	1
67.2	0
67.22	2
67.24	2
67.26	1
67.28	0
67.3	0
67.32	1
67.34	2
67.36	3
67.38	1
67.4	1
67.42	1
67.44	1
67.46	1
67.48	0
67.5	1
67.52	0
67.54	1
67.56	1
67.58	0
67.6	0
67.62	1
67.64	1
67.66	1
67.68	0
67.7	0
67.72	0
67.74	0
67.76	0
67.78	0
67.8	1
67.82	2
67.84	1
67.86	3
67.88	2
67.9	2
67.92	0
67.94	1
67.96	1
67.98	2
68	1
68.02	0
68.04	0
68.06	2
68.08	2
68.1	0
68.12	0
68.14	0
68.16	1
68.18	0
68.2	0
68.22	2
68.24	1
68.26	0
68.28	3
68.3	0
68.32	0
68.34	1
68.36	0
68.38	1
68.4	4
68.42	2
68.44	0
68.46	0
68.48	3
68.5	3
68.52	1
68.54	0
68.56	1
68.58	1
68.6	0
68.62	0
68.64	1
68.66	1
68.68	0
68.7	2
68.72	1
68.74	1
68.76	1
68.78	0
68.8	0
68.82	1
68.84	2
68.86	0
68.88	0
68.9	0
68.92	1
68.94	1
68.96	3
68.98	2
69	0
69.02	1
69.04	1
69.06	1
69.08	0
69.1	1
69.12	1
69.14	0
69.16	3
69.18	3
69.2	0
69.22	1
69.24	0
69.26	1
69.28	2
69.3	0
69.32	0
69.34	0
69.36	0
69.38	4
69.4	2
69.42	3
69.44	0
69.46	0
69.48	0
69.5	1
69.52	0
69.54	1
69.56	1
69.58	1
69.6	1
69.62	1
69.64	0
69.66	2
69.68	3
69.7	6
69.72	6
69.74	7
69.76	7
69.78	3
69.8	1
69.82	3
69.84	4
69.86	0
69.88	3
69.9	1
69.92	2
69.94	5
69.96	5
69.98	2
70	2
70.02	3
70.04	1
70.06	5
70.08	1
70.1	0
70.12	0
70.14	1
70.16	0
70.18	1
70.2	0
70.22	2
70.24	0
70.26	1
70.28	1
70.3	1
70.32	3
70.34	0
70.36	0
70.38	2
70.4	0
70.42	3
70.44	4
70.46	0
70.48	0
70.5	4
70.52	3
70.54	1
70.56	1
70.58	1
70.6	0
70.62	1
70.64	1
70.66	0
70.68	1
70.7	0
70.72	2
70.74	4
70.76	1
70.78	0
70.8	0
70.82	0
70.84	1
70.86	0
70.88	1
70.9	1
70.92	1
70.94	1
70.96	1
70.98	3
71	1
71.02	1
71.04	0
71.06	2
71.08	0
71.1	0
71.12	0
71.14	0
71.16	3
71.18	1
71.2	1
71.22	2
71.24	0
71.26	0
71.28	1
71.3	3
71.32	0
71.34	1
71.36	1
71.38	3
71.4	1
71.42	1
71.44	1
71.46	0
71.48	2
71.5	3
71.52	1
71.54	1
71.56	1
71.58	0
71.6	2
71.62	0
71.64	1
71.66	0
71.68	2
71.7	2
71.72	2
71.74	1
71.76	1
71.78	1
71.8	2
71.82	2
71.84	1
71.86	1
71.88	1
71.9	3
71.92	0
71.94	6
71.96	2
71.98	9
72	8
72.02	2
72.04	8
72.06	10
72.08	10
72.1	13
72.12	11
72.14	16
72.16	11
72.18	2
72.2	8
72.22	11
72.24	6
72.26	13
72.28	9
72.3	10
72.32	9
72.34	10
72.36	11
72.38	11
72.4	4
72.42	5
72.44	5
72.46	6
72.48	5
72.5	5
72.52	4
72.54	4
72.56	0
72.58	3
72.6	2
72.62	3
72.64	0
72.66	4
72.68	2
72.7	3
72.72	1
72.74	1
72.76	0
72.78	5
72.8	2
72.82	2
72.84	0
72.86	3
72.88	1
72.9	1
72.92	1
72.94	0
72.96	1
72.98	1
73	1
73.02	1
73.04	1
73.06	1
73.08	1
73.1	2
73.12	1
73.14	0
73.16	0
73.18	0
73.2	1
73.22	0
73.24	0
73.26	2
73.28	0
73.3	0
73.32	1
73.34	0
73.36	1
73.38	0
73.4	1
73.42	1
73.44	1
73.46	1
73.48	0
73.5	1
73.52	1
73.54	1
73.56	2
73.58	1
73.6	3
73.62	0
73.64	0
73.66	2
73.68	0
73.7	0
73.72	0
73.74	0
73.76	2
73.78	1
73.8	1
73.82	0
73.84	2
73.86	0
73.88	0
73.9	2
73.92	0
73.94	1
73.96	1
73.98	3
74	0
74.02	0
74.04	2
74.06	0
74.08	1
74.1	1
74.12	1
74.14	1
74.16	0
74.18	0
74.2	0
74.22	1
74.24	1
74.26	0
74.28	1
74.3	0
74.32	0
74.34	1
74.36	3
74.38	0
74.4	0
74.42	1
74.44	0
74.46	0
74.48	0
74.5	1
74.52	0
74.54	2
74.56	1
74.58	0
74.6	0
74.62	1
74.64	2
74.66	1
74.68	1
74.7	0
74.72	2
74.74	0
74.76	3
74.78	0
74.8	1
74.82	3
74.84	3
74.86	0
74.88	1
74.9	0
74.92	2
74.94	0
74.96	2
74.98	0
75	4
75.02	0
75.04	1
75.06	1
75.08	1
75.1	0
75.12	2
75.14	0
75.16	2
75.18	0
75.2	1
75.22	1
75.24	5
75.26	0
75.28	3
75.3	0
75.32	2
75.34	1
75.36	1
75.38	0
75.4	6
75.42	1
75.44	2
75.46	0
75.48	4
75.5	2
75.52	7
75.54	6
75.56	7
75.58	10
75.6	13
75.62	9
75.64	1
75.66	3
75.68	7
75.7	6
75.72	3
75.74	6
75.76	5
75.78	5
75.8	12
75.82	10
75.84	7
75.86	3
75.88	3
75.9	1
75.92	3
75.94	2
75.96	2
75.98	4
76	4
76.02	2
76.04	5
76.06	1
76.08	2
76.1	3
76.12	1
76.14	1
76.16	0
76.18	0
76.2	3
76.22	1
76.24	0
76.26	0
76.28	3
76.3	2
76.32	1
76.34	1
76.36	0
76.38	0
76.4	0
76.42	0
76.44	0
76.46	0
76.48	3
76.5	1
76.52	1
76.54	0
76.56	0
76.58	0
76.6	0
76.62	1
76.64	1
76.66	1
76.68	0
76.7	1
76.72	0
76.74	1
76.76	1
76.78	1
76.8	3
76.82	0
76.84	0
76.86	0
76.88	0
76.9	2
76.92	1
76.94	0
76.96	3
76.98	1
77	0
77.02	1
77.04	1
77.06	0
77.08	0
77.1	2
77.12	1
77.14	1
77.16	1
77.18	0
77.2	3
77.22	0
77.24	2
77.26	0
77.28	0
77.3	1
77.32	0
77.34	0
77.36	3
77.38	2
77.4	2
77.42	0
77.44	3
77.46	2
77.48	1
77.5	0
77.52	2
77.54	0
77.56	2
77.58	3
77.6	4
77.62	1
77.64	0
77.66	1
77.68	2
77.7	1
77.72	3
77.74	1
77.76	1
77.78	1
77.8	2
77.82	2
77.84	2
77.86	4
77.88	6
77.9	3
77.92	3
77.94	2
77.96	2
77.98	0
78	2
78.02	1
78.04	6
78.06	5
78.08	3
78.1	1
78.12	0
78.14	4
78.16	2
78.18	1
78.2	3
78.22	0
78.24	2
78.26	0
78.28	1
78.3	0
78.32	1
78.34	1
78.36	1
78.38	2
78.4	1
78.42	2
78.44	0
78.46	3
78.48	2
78.5	0
78.52	1
78.54	0
78.56	0
78.58	0
78.6	0
78.62	0
78.64	0
78.66	1
78.68	0
78.7	0
78.72	1
78.74	1
78.76	1
78.78	1
78.8	2
78.82	1
78.84	2
78.86	1
78.88	4
78.9	2
78.92	4
78.94	3
78.96	4
78.98	0
79	2
79.02	5
79.04	2
79.06	0
79.08	2
79.1	0
79.12	1
79.14	4
79.16	2
79.18	1
79.2	1
79.22	0
79.24	1
79.26	0
79.28	1
79.3	0
79.32	2
79.34	1
79.36	2
79.38	0
79.4	0
79.42	1
79.44	2
79.46	0
79.48	0
79.5	1
79.52	1
79.54	0
79.56	2
79.58	0
79.6	3
79.62	3
79.64	0
79.66	0
79.68	0
79.7	3
79.72	1
79.74	2
79.76	1
79.78	0
79.8	2
79.82	1
79.84	1
79.86	2
79.88	0
79.9	5
79.92	2
79.94	2
79.96	1
79.98	2
80	0
